GeneSymbol	Inhib	Oligo	OPC	Excit	Astro	EndoMural	Micro
ENSG00000004660	1150.05170394019501146	422.38688829095758592	1095.18286900993552990	4130.21601227230985387	1569.75882489040418477	1182.81816937227540620	2151.01737508671703836
ENSG00000005893	0.00000000000000000	636.88865502438363819	22651.51016811216686619	764.27157508214702375	3181.71197867950741056	2.35406836682852649	4297.94929547170431761
ENSG00000006116	1662.55021417002944872	153.13077284561748570	685.48011633178350621	4651.79430282039720623	573.49829972332145189	469.71179758805794791	816.27393676957751723
ENSG00000006283	1394.94117392865564398	612.05964098447134347	129.50244027773490529	686.37344740224841644	78.30467433022970170	5.55995337744746454	107.97296481248157818
ENSG00000007402	1083.17714857989381017	240.32922349168609344	120.12139375237036631	322.77411186321097603	252.63600737197921831	197.99362062482271085	87.33561444841782873
ENSG00000011083	335.04790759539218925	196.45005017727763175	473.26978086984826177	2047.26738606221965711	489.17482611997917274	362.72131502994670882	422.25043018185823485
ENSG00000011426	0.00000000000000000	0.00000000000000000	14366.36964408463609288	59.19832390119388776	362.11798842608817495	0.00000000000000000	715.24211784595172503
ENSG00000011465	448.59104618316223423	120.11356175808765556	269.56806034030518049	193.21819243679317424	270.86509509937832263	5872.70236680901325599	71.48878576017470721
ENSG00000012124	58.04966111298094944	136.03667058253307687	3337.19930356237000524	95.07548662653925930	67.23002740185060588	140.06328577648332612	161.14314347483659162
ENSG00000013297	110.47092053400831446	191.35835686747137174	8227.07339184262309573	275.28469388787328853	427.03859198632881089	749.13477600374039866	600.69396730936500717
ENSG00000013619	216.85310262217902277	1383.63074656660774053	120.81171066947111115	394.93896140593761857	887.09790116709143604	287.63406222294389636	32.10447916316154249
ENSG00000017427	1157.80810659136750473	51.39401526622847172	53.33858539369123974	57.68553704638364366	49.39296242349212918	51.52378029940524584	940.20206277227964620
ENSG00000018408	67.06242024869804652	120.84718065245067464	255.95676208427974530	115.50823962540562206	1018.03107002145543447	4658.05475991082676046	175.98779711514626456
ENSG00000019582	220.64538244076365459	324.78014248161150590	625.99166390508935365	341.93561497531999294	486.77914549934530442	1274.22449133114878350	13998.23497860730458342
ENSG00000026025	222.62937952455135360	240.48008889898940765	970.92976016379395787	506.33869045740209458	2465.15621420831939759	9898.21580925647685945	731.22365107651160088
ENSG00000026297	628.32502557776763297	297.82788277267906096	201.13106335781159828	355.39102734723866206	421.10018923167706362	328.95212914807370908	7083.43381174612750328
ENSG00000029153	300.25737912713299238	147.18030995146006035	140.04951114419915825	1387.84952864078991297	95.75745721761536799	339.06998151917565565	175.32830434031095024
ENSG00000029534	3009.73273139877392168	289.77554402313836590	179.18197933947820388	487.53716447230436870	219.52634737320178715	284.52060815902501645	310.59254989054153384
ENSG00000038427	179.72856321582864325	14649.97666165492955770	446.19730362565690029	151.72806733507158583	2104.45668523610174816	216.01162399533706093	155.91239278870625640
ENSG00000042980	103.29262849081918318	82.85497283702414961	37.36914614318566663	68.34365386352530436	94.13102026573822911	116.59266836280708901	6115.71977088308085513
ENSG00000053108	894.69298043837977730	481.87234818172936457	709.68654538831174250	4139.57840902117368387	688.27958437773236255	568.86435409805835661	339.61581410402527581
ENSG00000054277	321.63271002884266636	237.07772928025784154	433.71265844705470727	1335.62003160208132613	428.05215482429389340	363.79005115726863551	626.30037992418886006
ENSG00000054654	72.02215161854239511	456.79540904999174700	247.96283032633002108	157.00070519522040513	378.98971063372823664	12169.51385976153687807	374.61528719800520548
ENSG00000054690	485.99762178500486698	1382.13430928074080839	25675.91336753521318315	236.03210845238285742	1142.77537311633545869	0.00000000000000000	1218.67134773287511962
ENSG00000059377	98.24679838170305857	123.26327308827949025	78.47344697882225262	60.99089348074436856	177.29389480455097328	147.20802964958906500	4073.24322584116953294
ENSG00000060718	401.49233015099684962	4496.64981781268215855	0.00000000000000000	547.15384836288649240	601.46678687681480824	55.90120801416214391	32.51577292281919540
ENSG00000063015	1850.51327212524211063	385.92055286926495228	220.19134875361712034	729.71933554933639243	474.30235599465305540	115.62847455914179307	333.57299414412057104
ENSG00000064989	0.00000000000000000	1991.53761797873517025	53.80710691435902504	140.13604267567447437	141.17510611153971922	760.73539134836562425	0.00000000000000000
ENSG00000065320	105.32474675028083766	1448.18893911463896984	70.27371943326593851	101.08205124535332686	278.60919765944362325	539.66679009281165236	74.29882517643721940
ENSG00000065809	126.13095848621654227	363.25481463624953449	10056.49278178877102619	129.49424486708551285	410.04464644761048930	1704.86749239609116557	1485.26157231359889010
ENSG00000066248	1399.33187170591622817	838.71564916613374407	2428.73977781118946950	7550.98511013254301361	2069.74534249462840307	1691.95152755820708990	1933.56056588345745695
ENSG00000068078	187.05642462554502004	1010.95384400548073245	852.30517116166583946	545.22689678592098517	11880.15990613724352443	506.33232800644611871	883.27648378610774671
ENSG00000069122	133.43249388148001344	107.89395917848015927	325.57871132564395111	468.97121852794975894	202.78651211573529167	6824.91919848603356513	84.88904827961698629
ENSG00000070182	2139.64242801566433627	704.36914210126599301	266.43249941246000390	1251.66422918194552949	130.30414493307412727	285.92768942096211049	124.41612263566680951
ENSG00000070808	5740.93324814606694417	2920.84057133171063469	9785.90566115234469180	33833.16118694165197667	8834.58990997845648963	7907.19292128007236897	7409.08388881034989026
ENSG00000072315	2139.65788641645031021	0.00000000000000000	285.80818202445863108	667.33810067756724038	0.00000000000000000	0.00000000000000000	10.43986959194031883
ENSG00000072657	1145.87536081944313082	428.34577104421009608	0.00000000000000000	4278.13524335772672202	0.00000000000000000	0.00000000000000000	262.38398918146486949
ENSG00000072952	134.60289396902268777	256.98789776946989605	474.11995886642034748	210.13988096553873675	5920.64510336353396269	978.04476601902001676	534.89346616818306757
ENSG00000073670	1065.77677987102606494	280.78067094660099201	699.44529648379591436	2598.93941091055512516	920.93689913840000827	491.64480918497292805	714.81336858187057715
ENSG00000074181	147.69061503113942990	132.70081348169915714	251.67526921911817794	192.89150049762315575	311.30549993647241536	6980.14655078529722232	0.00000000000000000
ENSG00000075223	3326.62244741396625614	0.00000000000000000	1069.41554599243499979	87.17486237304342467	0.00000000000000000	5.20258077560984145	0.00000000000000000
ENSG00000075461	439.81371822749179046	2464.23496728523514321	125.51026483462133854	185.33552826318765483	123.25618403219188224	167.25150648792092056	88.33479906281270644
ENSG00000076067	170.78098877585688342	330.98029352491238342	231.97814816761479051	127.38579329471221513	882.41219231029060666	2428.78460494437740635	858.08152441137929145
ENSG00000077420	144.66700819322025495	205.20177329968876734	106.29194809194987670	83.94934455059873812	169.66226531682247014	327.35123366580745596	6801.87477368135660072
ENSG00000077782	556.82408489461261070	3177.14558057558042492	621.14886142749151077	794.99424998014956145	2161.94307607702239693	1686.41607431530746908	610.45067628910351232
ENSG00000078269	141.57954787667364371	313.53932274191339502	12465.45845231602288550	1973.27340027876380191	322.80522178158503266	1053.02634708183722978	744.41870372866515027
ENSG00000079308	219.26576364575640810	863.44248021267696913	1533.77549300331634186	222.92142126849407191	2517.94782760632551799	8661.59603056028572610	393.13123534804907422
ENSG00000080493	0.00000000000000000	0.00000000000000000	0.00000000000000000	0.00000000000000000	35396.22324400692741619	0.00000000000000000	0.00000000000000000
ENSG00000080573	253.26476706284341844	1197.32803817142485059	882.69580749990825552	613.59288882035662027	10486.48568402756609430	1887.24862778030842492	934.19264254290555982
ENSG00000080822	445.97073442155448220	461.94002116830012028	14395.71354738558693498	1344.90749123728460290	1069.73352284444376892	1890.96194935128619363	1847.30396357220729442
ENSG00000081237	0.00000000000000000	10.65479891896403686	33.45548345194914930	7.61427981820900612	42.38250163738276655	990.79936423179458416	5188.23874028042428108
ENSG00000082074	41.28926598172876083	68.48713244649749754	73.23102597424980331	30.04760285057851377	67.67352006664459907	365.97933289007852409	4857.62533095510843850
ENSG00000082438	187.71163098404056768	126.53950499141659236	255.24424578536954300	502.54398682448123736	229.09326483678827913	11109.23808574616487022	164.55166151216914727
ENSG00000085276	67.02584053125076480	134.80326293872025190	159.74992475181366558	66.20555230812514935	76.15501542028268034	5022.89639163886567985	1.41201823885859645
ENSG00000085563	309.72957552790734326	139.69834462394504726	307.61936570479599595	531.30033112644639459	167.22587233158017739	10973.95376162647335150	124.09182868767956620
ENSG00000086205	64.08732404357098744	195.51795867510699622	5448.35994926947023487	128.68159397416280854	194.87644390312610199	158.97801438604000168	229.31633546748412300
ENSG00000087253	184.12019578292662914	51.52218939569960554	372.20381995608448733	77.60068656348690297	48.49309688940455487	129.09451157982013569	5769.98483452546042827
ENSG00000089250	724.65175020934896111	2071.29687170526267437	489.06561840286093457	110.13099966730628410	48.57441346098825363	290.38539288099252644	48.05337029406300076
ENSG00000091136	1812.60060118616684122	106.06051094950396418	184.05531819647939074	1172.68436000856968349	252.60655327185008900	730.12008634055791845	186.44172796096336242
ENSG00000091490	256.84171041054241869	1919.31590902513971741	126.44349900862913216	424.52335751567403577	1292.88041409112793190	195.29750582928940617	172.86717697692225215
ENSG00000091513	386.69114902895358910	1777.30272388342677914	41053.61065118783153594	1478.56671456911499263	3328.77576514173733813	1256.52071824564154667	2737.37751387044318108
ENSG00000099194	776.88705932361995110	1662.84424417459104006	32578.40592767819543951	2424.00234447440470831	9171.51839750426188402	2551.95149675149423274	4072.91783652654385151
ENSG00000100095	3390.18639767922786632	12049.43932398378638027	1162.25832580155838514	4408.41693738797312108	1745.74486054761200648	899.28069444218635908	1078.67547233661343853
ENSG00000100142	486.39672319820715529	713.05230271585526225	11056.22202288510743529	654.27211936175126539	963.98890592952250245	496.53794179520173202	825.95698149097495389
ENSG00000100599	82.37859003528717494	272.37780359406963271	72.97697163996474501	120.73377341493623760	263.98852640330363784	266.32457106128998703	2069.91297050633647814
ENSG00000101096	29.23610394575575810	59.54980642212116493	47.37756897912706222	38.89623115464998904	296.87412597247777057	436.80471708589817581	2410.10854312582841885
ENSG00000101311	48.63064016616507246	1194.91175518151590040	45.37343730329917690	62.04100696013659899	46.13305118584622733	81.20864706918996490	49.99652192183748411
ENSG00000102755	532.84428227695127589	376.69860637532019609	727.69731330106594669	440.29856131426976162	375.87733244747090566	20163.92178243515809299	550.18447942165573750
ENSG00000103174	469.24723090652952351	180.07141103967924778	345.59804549564125864	1377.42164323275665083	469.54930870070120363	288.11127347248361730	457.24347893885476424
ENSG00000103257	722.81263295738415309	578.36331477469570927	481.10685764040653112	800.80636163177450726	1415.25764239258683119	13519.53813859687579679	1466.34951687853913427
ENSG00000103316	423.72287923947465060	414.12689742606198706	1300.92298941313083560	3978.78363619794436090	1438.86200537940544564	1313.91999978028957230	1616.70110447533420484
ENSG00000103460	834.38863571620379389	327.34889904522992765	164.52548748462962180	46.73519238802769138	5.37246943899035223	9.42471536706916702	17.48254043206622299
ENSG00000103489	643.22834720379762530	12001.61199680932440970	392.24212273609248314	1240.92763832753962561	705.38910775785484475	33.24694943808081149	566.01985193032214738
ENSG00000103740	179.94868335280619931	340.94242529976878586	1325.34872807911983728	243.85151849614615571	8320.76028059617965482	313.11499537393729042	680.05939507990763104
ENSG00000104043	0.00000000000000000	0.00000000000000000	0.00000000000000000	62.94209209451230436	0.00000000000000000	0.00000000000000000	12742.21015448020079930
ENSG00000104369	416.69497515373672059	138.61420796692956969	243.43060701676779445	1170.62074209982415596	205.28776767087390454	99.86383839754809344	145.19237740088166788
ENSG00000104888	846.55863117605417756	1196.86212548585717741	5031.68675324689593253	14128.81210342948725156	4205.43429615330660454	3512.22161710313866934	5182.18520710617485747
ENSG00000105695	99.74764438189195914	287.34868817978633615	12639.85562291417227243	677.14783645117620381	673.13786090760822844	375.22467919208207832	874.40471341779914383
ENSG00000106034	40.64009840444552424	0.00000000000000000	0.00000000000000000	0.00000000000000000	42.63847576062425304	542.82644355938089120	6315.55656592726245435
ENSG00000106089	924.40344274033964211	674.14029331664494293	1775.01499081866904817	5689.44021765229445009	1514.39040274623539517	1537.10826640589561976	2129.72050669416239543
ENSG00000106123	2329.63959497895348250	762.48254261621138994	2097.99666676762808493	6462.64720812272389594	2053.92775563252371285	2004.93702994005229812	2555.34543917688051806
ENSG00000106571	37.19477067071460397	77.48503552082149781	226.29077156335702625	34.09719163568070144	4278.13388058246619039	456.16998983675898671	205.87348820886367662
ENSG00000107099	73.03062264259567371	124.27958413578186025	106.79478627493827503	58.15987314129463925	123.36271626333434881	454.93492516218543642	11356.89286140250987955
ENSG00000107249	41.30895236437987705	0.00000000000000000	0.00000000000000000	505.73236833501402998	7288.42613485521724215	418.66106586757814512	987.26338990274848584
ENSG00000107331	988.84082504350215004	1369.38020731591927870	20920.00707936562685063	2919.60125713072875442	3533.01725083202609312	1144.41223175441882631	1722.27985230165404573
ENSG00000108381	36.30946867575187298	148.65780543780968515	5680.18015815835406102	140.40602523459543249	654.74485124152170101	345.39328914385254166	302.45952555293047226
ENSG00000108387	1031.87855893187679612	369.56602888893314685	14298.48285028794816753	2251.02151872121976339	3424.98260790362110129	2631.43367533829723470	1665.60619740475340222
ENSG00000109794	392.92246465705011360	395.79198905356122395	225.04411512471199330	389.79675554697627149	498.28553841357256715	452.80060085407120596	6544.81880793768414151
ENSG00000110693	1278.83628963608771301	7897.08576435364102508	203.39095652722699015	29.45036116183069552	2775.69142439375491449	377.99419460314675234	186.59936535864738971
ENSG00000110799	271.44849005621438209	302.92804279345671148	644.05370333351788759	355.78132222169131182	389.07219257229365894	10427.10206416790788353	114.74251155295571891
ENSG00000110931	1646.35167639125143069	1156.66791943452881242	2717.81039544107579786	7875.42191252754855668	2696.39639048448725589	3322.22456798810844703	4052.96899442028097837
ENSG00000111783	105.84377915574454221	463.48759236442288056	200.05584434540912753	174.99550142767856187	7233.40966641450631869	6.86789574785204326	292.12563985771942043
ENSG00000112280	96.57782385424339111	1651.20942924886207948	56.76094615359718887	78.52746655627829853	71.94389159983259674	159.79664363801313698	64.32007830067729515
ENSG00000112394	602.52270424249741154	250.55963642056545382	0.00000000000000000	248.02618648681306013	0.00000000000000000	0.00000000000000000	0.00000000000000000
ENSG00000112530	1464.74042848797535044	326.12666572095110951	198.90199574505751912	706.79826428722117271	551.66875202362530217	131.67365001004037595	146.97119630027700055
ENSG00000112799	32.53977687505111049	44.27359927993384048	25.24773064189639271	69.35911818272444407	44.78387593242393194	53.61025213127342681	2097.97607583285252986
ENSG00000112902	489.08916436393707272	9360.33265654666138289	848.65692116984826043	365.40519949550326828	1176.39793605142131128	2781.93190993206007988	332.66411107236939415
ENSG00000113140	304.35207035973343181	904.01979531649340061	1806.99670576795733723	899.19703224425995813	2674.67037294360989108	9709.82175484185609093	627.01623918089342169
ENSG00000113749	495.74987103163533675	120.69480598770708468	296.34736326482874347	1697.74284905309127680	245.46154710454462133	380.94342507209802307	1254.13250276429084806
ENSG00000113763	798.52748288671898536	443.16145903577586296	513.57374512600176786	2788.38922083844408917	400.75542858050636141	359.51277048174824813	433.08456592678709285
ENSG00000114166	274.78589051690397582	6349.44525986573535192	2217.92150245365428418	155.07210644616549189	2863.74232080540514289	928.62950577804497243	1133.37820497837560652
ENSG00000114646	753.02584621224184502	3645.83553472473568036	722.91196159572632496	1229.76021819637253429	2465.31067669180038138	480.03723012158292249	587.88168109004436701
ENSG00000114790	70.30350677881317267	531.85074126087442892	187.36186658425222618	105.71374694625681911	4918.42098536132562003	93.56423460941034875	275.35399900306128984
ENSG00000114805	3051.61768698448076975	0.00000000000000000	49.36497798976999007	905.79467758259841048	1681.99899014452853407	345.14228971351957398	60.07279438169112495
ENSG00000115414	170.88334089668305182	466.35010192017460895	374.57114703943204859	351.48012722375096928	837.66544555771281466	14090.79814170544887020	389.87129968994685214
ENSG00000115641	150.93543929811221460	94.09296038472210455	230.77686301267868885	980.41282283693976751	213.33399844117039379	959.13344565849115497	192.51580716003073235
ENSG00000116016	469.71964088108597934	1491.20412421413630000	874.79974951024667007	551.66942356294339334	1723.50619864110035451	18170.39536706262879306	362.90210874665325491
ENSG00000116132	99.07053845361620859	1887.13329531365843650	195.42239034724423163	228.06193795727295992	1466.59362752320544132	1085.83819513127809842	147.86202147549079200
ENSG00000116147	2208.72163396046653361	33729.30238291627028957	976.40388619200064113	3934.89699243825680242	1264.62606484464640744	608.69027683084345881	565.84057445217922577
ENSG00000117266	205.94267170531867350	380.79320161072234896	11329.55365185794653371	818.26553472152420454	993.57294678601249416	451.03473060692880381	1443.11068786200894465
ENSG00000117394	351.90786591331857380	474.12528835327663046	701.86933473548594975	488.79265302817378824	966.38893035649653029	7284.80960721936389746	289.70276449412307329
ENSG00000118160	1106.73350072325547444	380.94535874204552783	1108.46803399839404847	3530.28649449069916955	858.29555164440796489	719.43907333797949377	793.57966499230622048
ENSG00000118276	4169.59875981863478955	625.54636536185239493	187.74268844661955313	1249.93754542757801573	136.63914864766144319	0.00000000000000000	158.58189832200676506
ENSG00000118777	183.79962529722689624	348.86585525685603670	444.09599145569922030	224.66999922886824947	268.74496894624979859	9635.38721917575639964	415.83879767642844172
ENSG00000119042	234.79259651037904177	352.20746277894932064	1355.77251835247875533	5816.75528505653346656	1122.89851590234525247	1156.40067099662337569	950.55184032137958638
ENSG00000119125	1350.16687580879988673	604.59056376265414201	1822.94544611175433602	5854.97083898472374131	1518.71550615466685485	1267.78270922744013660	1463.64849424408203049
ENSG00000120049	2234.46404582201421363	140.24124707799504108	233.60181353666624204	744.78043434164624159	878.41399883056362796	203.70030307349520626	618.68190440027137811
ENSG00000120899	974.59927599378875129	909.48257702873706876	2116.01703008065123868	6446.64495936413095478	2597.59445147546193766	2229.44351072244216994	4488.30982038113143062
ENSG00000121904	662.78856204529188290	4495.77126442987810151	428.10686280981735763	1191.59907008889945246	0.00000000000000000	0.00000000000000000	0.00000000000000000
ENSG00000122367	39.80932604940239372	91.98267513662396766	3935.41843863843132567	123.98786115163117927	107.29671524345877742	309.30671885759414863	185.72823849410519870
ENSG00000122584	3443.38581999179359627	5389.64208825756941224	320.92010316174207674	464.89403090412366737	252.43476921134353574	362.74189121685310511	148.91604528308079125
ENSG00000122733	1157.92607166419452369	413.75715260643818283	1290.56499346679925111	3644.69232909708534862	1383.09268269840981702	964.50065879430735549	1232.00328557132343121
ENSG00000123243	289.19478099097852919	251.03581320959079903	498.16442825418704388	309.70241776045014603	355.50139375616294046	10039.95101759017597942	84.55746933158633283
ENSG00000123560	0.00000000000000000	2382.18620374124157024	180465.26123771976563148	4790.68537569637737761	10955.40870451372029493	2050.22220311380579005	15209.80719185195084719
ENSG00000124191	1389.10852668844745494	705.87174626255648491	31.29125512499244621	318.71486935000712037	233.31284927867736201	223.08596680529035439	47.72812439784386385
ENSG00000124749	893.86966036603541852	0.00000000000000000	0.00000000000000000	110.71903950294081653	547.49967197381249662	70.01494696309904953	0.00000000000000000
ENSG00000124785	628.31875560726439289	873.99332427520062083	2136.28768549475807959	5968.30381979853609664	2240.38332883775365190	2603.22591828896065635	2411.74784889048487457
ENSG00000124920	104.86624338185625049	325.35327764137360873	9784.99040499365582946	399.67771729852080398	375.38359216506711391	322.93939070344913489	725.10857255681276001
ENSG00000125257	0.00000000000000000	52.75526187839260217	97.79496194111119678	70.46653423906732883	535.94620740841196493	18.55264510158593083	11985.89438654695732112
ENSG00000125730	306.08102919329525093	478.42177747313610325	382.97235474924622167	297.48277300880681651	479.00146798421434369	489.02182466309778874	16004.17369307991612004
ENSG00000127329	828.55739150333636189	0.00000000000000000	173.62245018582754597	996.12105479299555100	78.70838139242889042	8193.98993777073701494	588.17984882391215251
ENSG00000128567	248.14559146286836722	272.89411145800926306	347.35852379522225419	514.73284993126060272	263.88081228722296601	6459.16249632962717442	110.77114200298012747
ENSG00000128641	649.29004374095802632	30.41467225335350832	196.98608975451810466	642.70994383584650222	112.45629596475411915	8839.87042392253351863	169.35900428872955104
ENSG00000128683	8294.67470098083140329	2956.23695127833389051	880.23454350431973126	993.77068061792431308	1104.60750643585402031	1006.53010694891440835	936.13769332398646839
ENSG00000128815	48.91006820599874061	64.86137065679137947	34.02994133930812382	38.56258143431084306	61.62980399434511725	253.44942922989829981	3630.23877259533128381
ENSG00000129159	3379.84165251001195429	564.27251285493116484	484.52000810767708572	2284.67982383262460644	651.77903483405418683	465.32600333855066310	700.39278098431191211
ENSG00000129667	66.03915609251846774	99.52270718661063142	48.53166389339913422	53.63585821403742671	106.25877398279084218	221.98107618773974536	3062.08917339065646956
ENSG00000130558	4470.80566919362081535	3419.92099649153351493	7410.76180453444248997	22011.89636147876444738	8110.65788717752366210	6421.06070537147934374	8370.17821046188146283
ENSG00000132122	136.81642977597502409	2829.02356099852977422	1060.84945348821202060	168.02733294956743748	1273.98535024665943638	535.59049042577964883	699.22282025589163368
ENSG00000132170	760.88750906946961550	93.78104896945731639	32.26777064219918856	185.55001144489909848	27.76718511718885551	82.00036088343996710	667.60734534292203080
ENSG00000132321	426.79918322701405486	174.31792482478545026	299.06207267558215790	509.28014857018968087	3240.04481967178753621	178.48256615776099920	267.09123983169376970
ENSG00000132692	534.27145997232571517	5495.47020542003247101	1064.53074133986365268	1006.33878585679497064	4069.54300832748685934	635.35917733503356430	702.15983097999549045
ENSG00000134115	1102.08623971712859202	630.90034490710309001	35.92298026383185316	476.30241985728628151	87.19920779293941848	436.36041376861504659	9.17576816906005277
ENSG00000134215	1377.28136478026704026	111.92435747272558899	48.89120841360991676	188.88672553558532741	1463.25965466695561190	223.05150135683115309	187.90799434680695867
ENSG00000134369	1578.06161965883870835	10784.85439434914223966	3126.80847528726008022	950.71861363203038309	5117.33346264212195820	744.09107774755466380	543.82460623493591356
ENSG00000134516	54.68586131795462535	20.73009441317720203	180.63551838489615875	83.43961596996177832	20.83756516863878261	265.44357566210260302	7127.74351212727469829
ENSG00000134851	360.48736134352481031	557.48481426811304118	14111.65462677074538078	497.57145700616911199	751.14005002187718674	948.34453279834951900	3541.77258006004058188
ENSG00000134853	260.89671032201874823	5043.87769991407094494	233.27532293073727487	214.04863346966004656	155.07564281292872010	529.37089993370329921	228.84618834121334885
ENSG00000134954	229.94758411316419711	610.18380972053466849	212.17508855102087750	127.12316277505692597	161.90116988379412533	4652.41327232466483110	436.87513976591236542
ENSG00000135063	129.84917183461902823	155.19382122466467422	284.35579868727467101	122.32515414072959459	3150.98059987594979248	379.34061451099427131	160.38764565826909347
ENSG00000135426	512.64029706177257140	622.89227080387547630	1689.18323888546501621	6180.10879024747828225	1546.64679044531885665	1644.26345791808466856	1835.77787347057233092
ENSG00000135519	689.76138065537600141	423.55265210149440236	738.72105473170586265	3348.79790277714437252	829.99867506874818446	622.96376532123861125	931.01761045224009194
ENSG00000135750	760.66114258380537194	950.14653760321573372	1686.25319880074061984	3631.28971678951484137	663.33859665438285447	778.00121922725156764	880.13605718371388775
ENSG00000136250	122.98944177790113486	196.81723244467588074	264.66706896809256477	108.84928173397918272	77.90661415325099881	427.77490632194286491	3588.48436712968759821
ENSG00000136535	219.37605821675194306	248.79700564228423332	812.89816866550393115	2061.12128408990793105	598.28205408713347424	559.46627274827812926	571.10504229936452703
ENSG00000136541	0.00000000000000000	279.01367731351405155	15491.82562127279379638	606.50377848298069239	1055.63194970547078810	506.77760683096687444	1520.65618334030045844
ENSG00000136750	7000.67764233333036827	656.36156363038014661	620.31275264854014040	773.54604587528967841	853.81512062415185937	885.29367112088232261	826.23312822060347571
ENSG00000136960	0.00000000000000000	526.69781748512400554	26052.03500473959866213	265.41801291821565201	748.57446840835029889	245.29378009359712109	1481.81310478508407869
ENSG00000137766	11937.66257754550497339	0.00000000000000000	42.94316612011618162	2372.53180207440573213	0.00000000000000000	0.00000000000000000	153.58747789889903856
ENSG00000137831	131.20315279935246622	196.60820116235206001	853.83029242195789266	96.53732756736735610	623.66448438488680495	4755.32316912289024913	515.64664263205315820
ENSG00000137962	259.22041388808810325	0.00000000000000000	0.00000000000000000	422.79445043574423835	363.43406652754225661	12491.24100945902864623	296.83544883979965334
ENSG00000138696	88.11018514659593848	0.00000000000000000	41.24944690852954210	107.13120634932774067	8947.25657232795492746	207.18426621889383910	160.45370408435778131
ENSG00000138795	379.51518234621102010	92.44757048514486542	146.54620741828620112	122.40214203858752740	79.87470166914577874	3198.51818919938477848	24.07508493496281332
ENSG00000139155	77.75903266028878136	0.00000000000000000	114.72352811802696237	13.56133401899921331	5534.05094333082979574	398.25865077099257405	163.13387465212838379
ENSG00000139514	619.30468229433222405	631.08352316732270992	483.29410054626606552	935.82901704243943186	486.39662232998909985	8747.15784666945546633	566.75096415214875378
ENSG00000139679	100.72219904066642471	117.78439941332393914	102.45616902996439990	115.77271640582692669	165.36030905295976368	616.04938882753424423	4994.58437802591470245
ENSG00000139998	1190.83899738431546211	471.34957614819074934	877.47161684397508452	3038.30676318330642971	1036.48594014584546130	706.09027661697211897	898.84571489767245112
ENSG00000140022	11.94089895067536311	273.47100252531168962	531.76748577201362878	65.46750205762923258	11466.80752442400989821	180.49707677127034344	1676.48643024187003903
ENSG00000140470	494.35471011218601234	2345.58843902146145410	64.63857600083846933	34.79619614452207088	1251.37997664017916577	88.35647207450787732	490.19967252770481991
ENSG00000140479	203.51729467638284632	532.11267721996614455	11217.69009322261081252	266.76984654523943163	416.35045690454313672	0.00000000000000000	219.99527153777020771
ENSG00000140548	238.18979006846294055	368.74380651371808426	337.63844586936124870	209.65996490368374339	748.71690390809271776	390.16815334919914449	4537.23314057303286972
ENSG00000140678	97.44552413513572731	123.38073314796810109	53.35954926428738077	57.79600250957376062	126.56883003141408039	128.24879940919160504	4335.69669012583653966
ENSG00000141314	215.15934217204375045	1938.89629440578460162	358.37224641647952694	869.48029265936918364	1350.20508018271380024	351.02853206053515578	171.86868190927967248
ENSG00000141540	89.43048657821172753	502.88703035015419118	5981.07432238850924477	268.05987599158879675	2342.46697563057205116	1214.25610614492120476	1815.37854836651740698
ENSG00000141668	654.49188346009088946	482.01199033038460584	1176.86867374614530490	5360.33480833065823390	1000.30690042559751873	829.06613849014570405	781.66599733279258544
ENSG00000142089	0.00000000000000000	67.22581835631881120	391.15595193534716145	252.42645491042688377	1050.77532002764064600	9133.30125172255065991	377.99032805919790690
ENSG00000142347	74.03292745675263120	84.68516752755158450	79.02436087599278380	75.61511217910094729	134.89639017620174855	293.39498579610676643	2641.93687202190403696
ENSG00000142611	124.88686077927424378	258.91914741540648492	347.33435447642960980	141.82426390312804187	3763.66558597636685590	426.03707551820212984	331.97241063436729291
ENSG00000143061	1584.11802515920612677	67.67923559619123353	88.49683895769801723	441.06350448629012817	98.36574903911093770	131.56624784347712875	137.64497824388283220
ENSG00000143248	1413.58707900498552590	426.43555441563194108	1485.86201210578155951	839.15211403136561330	1203.70963741504101563	19002.68501122481029597	745.40204368708464244
ENSG00000143473	2048.35410881017833162	389.68564612064966468	1626.88825700390680140	5785.26278785540216631	600.06623133521054569	599.02740593264763902	616.77205883213741799
ENSG00000143603	131.23846048997756952	247.77178046049507998	344.73376052584904983	477.15710697946536811	8413.20117739873603568	0.00000000000000000	219.34260802758163322
ENSG00000144366	2990.18537112204057848	0.00000000000000000	0.00000000000000000	902.88506519451721033	0.00000000000000000	314.06508669577959836	0.00000000000000000
ENSG00000144460	3792.36787975984043442	0.00000000000000000	0.00000000000000000	497.68436308481261676	0.00000000000000000	0.00000000000000000	0.00000000000000000
ENSG00000144596	1890.85510567615801847	155.10141674814485668	74.39325114410773665	196.52697220541745082	125.77588092008737419	428.07266132578001816	113.76384583721215904
ENSG00000144619	7893.01279270303621161	750.67071344855230564	0.00000000000000000	3213.28018521322928791	0.00000000000000000	436.08487188945315438	101.83160891969006911
ENSG00000144749	329.34042323533532226	906.68038329236003392	2135.05904729238136497	455.84233391426306525	14702.30302488051529508	1931.94663847701008308	2589.35699705804427140
ENSG00000144824	0.00000000000000000	0.00000000000000000	0.00000000000000000	495.14201530444694299	0.00000000000000000	3346.36691398310813383	82.39203362709912426
ENSG00000145242	1198.42832629662666477	480.70324963421342090	239.71359484522648131	4059.53475106696805597	88.75799188323193789	102.51617531955700713	325.68760103217323376
ENSG00000145451	387.64832666339611933	0.00000000000000000	125.56205408923695188	1890.11559297463577423	187.75005525406143647	131.73014647607288907	322.81290338244849636
ENSG00000145808	1396.64197525951840362	0.00000000000000000	83.26116393187342624	347.54848313227279277	0.00000000000000000	0.00000000000000000	0.00000000000000000
ENSG00000146090	282.08431053477568184	324.34337998864191377	300.48651976896127280	335.86805009495674312	173.63685405762100800	225.43724237811017019	7075.34700901274391072
ENSG00000146147	228.94929158022952720	184.61541569636497684	579.61451042327428240	3009.95424877465893587	393.33159382270463311	416.19435748854556323	343.21161491023218559
ENSG00000147459	0.00000000000000000	1153.72370717607964252	13934.35716589418734657	0.00000000000000000	2023.08016293339869662	698.16846615249812658	1545.03171381116226257
ENSG00000147488	0.00000000000000000	0.00000000000000000	33686.75377677629148820	0.00000000000000000	204.62554390377556501	0.00000000000000000	1350.73750841234141262
ENSG00000147509	176.38793822076357287	130.18503578174522772	279.67138987127793825	137.68645375018283517	3263.36415384868905676	130.46843009362100929	213.91367581034756995
ENSG00000147676	472.62239283889226726	230.26310183212200400	697.88675857392138369	2557.97251004280587949	682.52811614113727501	548.36935341798039190	815.10378303952518309
ENSG00000147724	4525.64519316086534673	149.64779672113400011	59.47762129414944354	1864.58297396284137903	1015.39035260344792277	0.00000000000000000	0.00000000000000000
ENSG00000148123	682.37716072721104865	3106.53910725355808609	1670.49565063526347330	225.14697883356600983	141.86758880590207355	143.08067316747238351	183.08254098828226120
ENSG00000148143	671.22110096812480151	5418.32804564822072280	602.39120699204568155	0.00000000000000000	1531.89924983099604106	0.00000000000000000	0.00000000000000000
ENSG00000148908	78.68973744209141330	80.40719813151790163	54.26601480937939215	41.29325284254959882	119.31202854363671406	124.51464110573931521	3051.28605214516119304
ENSG00000149090	214.09706160032718003	356.61466935380207133	487.67551457701620166	345.08148050413001329	5991.42669397206191206	505.62050390096732144	494.01211205986652431
ENSG00000150054	329.37663437650098786	86.91477583620934411	185.72832086701072285	1423.81269871298900398	279.20630134187103977	646.73983109305584094	156.26156253488645120
ENSG00000150361	267.30383309729671737	780.84801835087034760	0.00000000000000000	78.61233862041031273	0.27976625066102240	0.00000000000000000	0.00000000000000000
ENSG00000150510	230.69678574191794951	311.73590750984135411	3770.17268940138092148	380.38807674033148487	548.00812539434343762	482.38686033977143097	259.54050332122176314
ENSG00000150556	613.35268652335355455	50.81244539361951240	20.06203143130241529	92.15174291220786529	83.77092482236673732	61.73027398026395929	19.10260593350523806
ENSG00000150656	243.22348409172778361	548.44953452692709561	13977.45496910299152660	473.95874451096409530	530.23518991559114966	695.32905273768096777	1047.74930294521436736
ENSG00000151136	4020.02819293876382289	561.64042988182961835	154.57054473055524113	419.35516134300939939	525.42443100399998457	373.95637508928444959	211.53393029664837854
ENSG00000151789	8606.75275164421509544	1100.05581215878464718	414.80054234687833059	1228.81260192032891609	371.82539284793159595	1015.11268508763851059	337.07383489388462294
ENSG00000152034	66.79398607644452568	62.75543707540064275	261.33197228258217137	1334.83574146766682134	149.32109642744887879	180.38367992978510301	188.48829151464693155
ENSG00000152492	514.27820310081881416	4001.12781043905761180	415.87931659229684556	335.95065950052395465	619.79877783155461657	1948.76630847254932632	2954.22680678961478407
ENSG00000152527	221.20094229105598060	2144.17883792774046015	191.46840714391203164	2.14858823287062428	177.30318576147843146	234.57481332846163014	185.99385954954755107
ENSG00000152931	260.37110748270958993	249.12814367804847393	786.38297629941575906	2497.64529838378211934	725.95304035132733134	825.30311609880629931	799.14380380067223086
ENSG00000152932	13334.29045915918504761	2544.95132388350339170	1034.08975111886911691	5829.25513213052090578	631.95238929316155918	206.08904834415159257	1200.47640555788007077
ENSG00000152953	136.74373003477390398	924.12177874443761993	74.04163696045104359	82.13089628444730295	53.63272653725431383	112.68017680576353712	624.70796979589579223
ENSG00000153820	6009.29977207861611532	266.89046258892346941	166.66447427858574315	825.33161531256700982	133.48344459024687580	144.28729826415596449	86.00003620828414341
ENSG00000153823	1431.65614294557803987	4260.15375301308904454	413.57717025892770835	1336.89232425963359674	882.62835124909088336	2194.81529660223804967	1694.35433779752088412
ENSG00000154240	2865.32852720787377621	0.00000000000000000	0.00000000000000000	394.68797730921801303	430.10132440287412692	991.27842177268746582	0.00000000000000000
ENSG00000154864	86.62650501104364764	0.00000000000000000	9178.90309113797047758	0.00000000000000000	88.23043351690917291	0.00000000000000000	570.66589802639077789
ENSG00000154930	246.39275183078743225	924.71256760207245406	1154.78479232672430044	331.12443220726174786	7280.09662949081121042	834.34298034004757483	1880.86006061667262657
ENSG00000155307	28.87115269137064288	45.93249614709929318	21.68399875784223951	27.41340831573526060	37.12881162796774959	124.80517846174694796	2689.52795977293408214
ENSG00000155629	14.18278574257194968	34.42624901922686576	27.90843922870496741	19.75550999327420243	47.47971400391969610	130.82191840194036558	3146.91171367652486879
ENSG00000155966	2639.31016724121354855	202.71480578449748577	88.44103592129886238	523.91435553857832019	113.66572783288197002	0.00000000000000000	52.49112603308003600
ENSG00000155974	5677.80436087739963114	127.95732406020970018	89.50576884940294065	841.30499028605572676	0.00000000000000000	0.00000000000000000	0.00000000000000000
ENSG00000156103	400.99656758284078251	13365.81687678389243956	0.00000000000000000	1747.75793268681468362	0.00000000000000000	0.00000000000000000	0.00000000000000000
ENSG00000157110	91.82908289965374138	57.68458150833431120	117.70284426394219679	100.08104185513622042	409.57775293859839394	2517.02276211381058602	29.67338513880679685
ENSG00000157388	5809.72840392357193195	1190.41032198880748183	0.00000000000000000	1699.49683959121216503	0.00000000000000000	0.00000000000000000	2256.22144180753321052
ENSG00000157404	3461.68355458937503499	446.68041286831919479	248.18584530352231354	234.46283197709976776	340.01359892641221450	375.37175941604380114	167.08851707283605492
ENSG00000157470	1236.40762284970855944	324.51007321183459453	876.92287940102073662	2646.95258858662555213	987.90607685155760009	726.58545360347272890	597.40349027070783450
ENSG00000157782	1829.67951723781266082	1389.94032633003462252	2878.61055311524160061	14377.57856629469642940	2444.84452919458090037	2498.28716048597425470	2697.09640638588143702
ENSG00000157890	212.74525384603617795	2817.59728293332682370	131.93552689746471174	193.99786578079582000	185.82653220369579117	139.75887764346404651	99.31496303197543796
ENSG00000158089	1795.19433118519214077	199.46398560480565720	131.30177661662935407	551.02008974290697552	143.06826545726815425	279.81800670960177513	73.93945306853477462
ENSG00000158258	1704.06666612741014433	1506.60637932385157001	1559.42091384564446344	12862.79421097038903099	768.44742340627828980	994.57043986864016460	952.55493231583488978
ENSG00000158270	199.24731418927709115	187.76493944311957307	469.51399541007532434	171.73935505252606504	1083.81608512446109671	7587.31243778339648998	980.96288164116856478
ENSG00000158865	113.92518319014840245	177.68851815276110528	5557.97276251373750711	150.68204145358873802	190.07336466363545924	234.46065237079588428	269.82409239972713522
ENSG00000160963	709.79520664885990300	169.66382675881939690	407.95449434617381712	2477.34501835403625591	379.27697580629376262	1002.26732354469299935	320.61210906988134184
ENSG00000162390	0.00000000000000000	391.59056934004763662	0.00000000000000000	189.76000372559715856	7033.52040676064734726	0.00000000000000000	343.82878860379594244
ENSG00000162670	463.53497331755983168	6124.17608799058507429	213.89522546707991069	1480.61489873309346876	1946.81206061850775768	22.21323071031417840	191.92634232848820375
ENSG00000162817	701.25954416570402827	474.88911924996301650	1281.86157104470544255	3684.49034276811926247	1003.87928816788098629	1863.06827032363003127	986.02346236129301360
ENSG00000163219	78.45156795340919587	111.80890502612820114	91.76927466596845306	140.89104766659002621	113.43147513042494268	406.73376055366287574	3713.68261458533879704
ENSG00000163453	310.94828581636244280	439.93057352586492925	834.80106385627561849	395.96533282529651387	3042.27820809906324939	11042.74788334792901878	332.23101622204688965
ENSG00000163630	9395.02757706315060204	895.57037027457886325	727.40993717750927772	2159.74885269469950799	876.66547586568401584	1098.75108968497988826	624.41968684146547730
ENSG00000164116	4035.15970602154447988	0.00000000000000000	0.00000000000000000	647.99191526420872833	717.26974050390981574	1636.01908493045880277	1048.04355045829379378
ENSG00000164124	0.00000000000000000	167.63333731177343111	23747.57950346713187173	330.52041715675898104	2147.46063454678460403	0.00000000000000000	2423.03303454164688446
ENSG00000164128	203.79582777692098716	48.58771285245229876	157.28705869766861269	955.01903181890668293	77.45653589101090120	378.59059947023268933	222.05208378394561919
ENSG00000164161	0.00000000000000000	0.00000000000000000	15532.28055686783773126	221.22414176655954066	269.80113275995432787	0.00000000000000000	278.02960091643615215
ENSG00000164181	178.43851378180329448	59.73618334317129808	623.50520192504041006	256.56246965542976568	17.46203523472986774	6163.38271234093735984	73.86610869327653006
ENSG00000164188	69.36567745484126135	0.00000000000000000	114.18989979128028267	46.84021922718518738	8987.51535987068928080	820.85702036640873303	208.43084121361525263
ENSG00000164199	0.00000000000000000	0.00000000000000000	0.00000000000000000	0.00000000000000000	56569.58899905530415708	0.00000000000000000	140.74800914891477532
ENSG00000164236	675.53893504570339701	0.00000000000000000	217.39247151650289425	3004.88695874447148526	497.71414155303563120	700.09090013336640368	311.45610058935039888
ENSG00000164309	93.58501851903561430	2305.27756375902072250	99.61282271373062258	313.40113388100678549	1468.19956145551577720	181.22612198056728516	200.32126488978366297
ENSG00000164330	167.62257281940523512	99.38009769186564313	112.85685181387837872	88.83273435568534637	60.08709660769103778	4380.73754586560426105	19.19458044773052663
ENSG00000164512	562.87592027637515457	128.25017462022404402	17.14503366970314602	59.29518614394802256	27.63992429896042680	15.47323895236085001	74.61285271492792504
ENSG00000164794	194.73341964207952515	166.61278076136633786	648.67087477719417166	2488.36769199979107725	584.81587286402771042	740.95788385295486478	857.50193218706954212
ENSG00000164951	553.13703248399633594	284.54842162030359987	1235.77438269669096371	5613.94767627949931921	1276.32184559026745774	1850.39356174072236172	1289.89354356422882120
ENSG00000165025	106.26205846326908500	81.50523602680995339	43.53736936098216859	38.45135845131786567	68.82813924477163425	111.51602197090537061	3446.79299090950280515
ENSG00000165061	4940.21737368858703121	443.62097190358741727	446.34732640137542603	2329.17067685332858673	476.07246454167102456	584.01221367689606723	397.04573525877088969
ENSG00000165966	168.26546521001981205	2845.89315452135633677	247.98064375109382240	1187.29559605798795019	88.85076243938486584	147.41776149405038154	27.13589150293684682
ENSG00000166105	170.48689678534563541	126.78041883136336310	62.22499591141340858	519.52364862321951477	64.59792426388551689	71.18470745571387681	58.12726988598925004
ENSG00000166710	657.95136028791864646	1247.02303667448654778	2071.82341429533016708	1033.17758212177091082	1529.43706429079952613	18031.03779595046580653	4039.56649714951572605
ENSG00000166839	294.29905395107562072	457.35101176482379515	347.81085617942119370	475.57412164297528534	3503.56777280911273920	311.10327570575088885	488.71512031621483629
ENSG00000167123	381.41691395429887734	995.03898183967976365	18394.80105587268553791	776.83771826755696566	913.84666204720508631	629.62244313951362074	1088.29745818945821156
ENSG00000167619	1335.44076365496243852	146.51845459069417643	90.90586755515623452	447.16404637933254662	513.60546701970997674	0.00000000000000000	48.20466475501423531
ENSG00000167889	1147.49471706534995974	203.65253367893663494	432.56971591056537818	3396.33543704876865377	1820.94925645045259444	231.02310688662674920	392.89452636433429689
ENSG00000168016	2415.57215973139454945	108.68013591982386856	0.00000000000000000	1103.96428615579111465	0.00000000000000000	215.13215577676172074	3616.04243490063117861
ENSG00000168032	1249.50534381122270133	156.68638960981743935	178.06209369386886010	458.78322352869889755	247.62744115079709673	192.16903083545352615	84.71291586454130140
ENSG00000168314	265.25601633805416668	896.66794177590509207	38102.73377405909559457	1417.98921839837794323	1961.97791568514435312	1724.81832013722578267	2702.90100444093968690
ENSG00000168329	106.33019327148737432	160.81408378845804918	127.35202105684641083	65.23003562536985100	168.28017309353825226	213.03296654401188448	8066.53143520861794968
ENSG00000168490	1839.94142217827743480	1154.97599283421482141	4450.81476898812979925	12300.48541060667048441	3927.71319138890385148	3228.96424433981292168	4090.21868689970733612
ENSG00000168546	550.26426260149594327	183.43305912013434522	479.40847628435597017	1725.71854290424244027	414.42256351590140184	445.07569697657334018	437.39494675383565436
ENSG00000168843	4176.75354787672222301	0.00000000000000000	66.83821626357044465	1476.52964209647507232	619.03127862833332529	0.00000000000000000	151.61226786765823249
ENSG00000169064	159.74024413524273314	53.76998854647624881	136.01041289299934078	1385.67972681880496566	142.99723142892270289	113.96924790666280103	138.45156690422521706
ENSG00000169302	102.37994252254219418	1813.67580649860337871	94.74229234032962665	105.77176581374648379	308.80128529301344997	87.56530132704362757	55.22688323492847928
ENSG00000169313	12.14026768910569842	69.15528603062273305	143.65981425913548719	151.64776536555604025	201.51839558670792485	1.95175190190132852	11524.52602683899385738
ENSG00000169330	824.41033710271369728	74.13358493436120966	33.54294184618390062	43.94436253163222972	0.00000000000000000	0.00000000000000000	3.91685105427258895
ENSG00000169432	283.90469682719827915	1386.37483634386876474	0.00000000000000000	95.12231204409657437	0.00000000000000000	0.00000000000000000	26.21849480755533790
ENSG00000169507	59.74953688923933015	49.53085478626309168	114.25221901545624803	454.04390343547265729	92.05321422142706922	3580.61939935928376144	48.96743641994146401
ENSG00000169783	1083.51989597731608228	1847.74573343388988178	1263.19005255646402475	5982.25443303193696920	803.15378216942406198	1072.77512239044449416	970.93704042996330372
ENSG00000169855	11278.41385138209079742	1137.94786421627259188	1774.11978304346621371	1451.15414814036216740	0.00000000000000000	0.00000000000000000	0.00000000000000000
ENSG00000170074	267.12651998046789004	24.23784414522508612	44.33586892623242903	786.26812304966472311	160.72097737108791193	35.03766242085259819	57.60751481300895449
ENSG00000170677	19.16097028411695646	0.00000000000000000	622.96031504566190051	171.98473517305390601	0.00000000000000000	0.00000000000000000	16220.51225132624131220
ENSG00000171246	895.48793854414725502	783.10829367714813998	2963.44764798127653194	7843.64111124683950038	2084.60257406016989989	2031.28966224694386256	2522.42310053595338104
ENSG00000171509	175.35290763179048668	100.14103036807799185	474.83346229210724232	2188.21909522339274190	311.87095109271547244	294.04624405935282994	309.15883893658264014
ENSG00000171617	4191.43211902068833297	3405.92143862557077227	8510.70429368958866689	26324.64039691899233731	7381.96741526854748372	7543.32612226166111213	7913.12674886569948285
ENSG00000171885	0.00000000000000000	0.00000000000000000	3819.26012478095572078	766.36157573554601186	33586.52789489133283496	0.00000000000000000	767.90794073952895360
ENSG00000171992	944.40999350804088408	490.69003069339743206	1875.08238578200780466	5199.03602813677935046	1465.90037387240909084	2414.54139123628647212	1867.72542881866661446
ENSG00000172031	367.47317437945633856	113.52631108217360634	191.91290314938896699	897.71182478052480747	246.40631842393824513	271.82825694929965721	211.14080257533575491
ENSG00000172572	1414.68894359944829375	180.63362336547965015	0.00000000000000000	0.00000000000000000	702.93933199014554702	1368.37649721621892240	0.00000000000000000
ENSG00000172575	485.09128514323077752	143.62582743979845645	656.21622746333434861	2402.27228908501456317	584.87705949514850090	821.82478061290589721	524.44074830290844602
ENSG00000172987	366.70313354118314919	231.54323146899506014	382.68759102105980219	189.78471100878863354	5275.06647401620011806	229.43915048805828860	431.33494859553962897
ENSG00000173638	234.29522422080961519	172.63699854558592506	253.75147407910560560	212.38959749633724527	407.23604173952998053	5359.36285865742229362	447.22413291226649790
ENSG00000173706	194.65278007673637717	376.29765188491609251	804.46923087856191614	44.32314207700517272	1383.43977647885662918	6789.52668834805353981	1173.01657089742207063
ENSG00000173786	703.65550335620127953	3088.83313399693133761	32638.06975468687960529	2668.13999183630221523	2916.76077303914644290	2448.38429907999852730	3225.44075965378942783
ENSG00000174145	500.14206770729686014	106.98273540533622850	186.58478448802489424	2492.77424915351548407	114.88015261255168298	70.33955853584691909	170.13479077747058454
ENSG00000174473	6784.70845814655694994	501.87452348337251351	171.13230242583492213	985.65772688075799124	251.10282363727728239	374.81382820521895383	178.46416307677566238
ENSG00000174514	578.48257613762928031	336.16256130646655720	1026.95103706079203221	2919.16096140086983723	969.45881335962394587	859.09033979470052600	832.41108246444116503
ENSG00000174945	213.21514748884450796	1789.62898637268403945	339.47802485872017542	225.08732153495034822	567.58226031226229225	343.85327125789734737	325.86724658256065368
ENSG00000175175	4754.09402036666688218	611.16180416853103452	19.31493331409846448	2081.07518234265580759	226.46938375743670235	0.00000000000000000	0.00000000000000000
ENSG00000175352	2558.99793035826860432	337.34908941436430041	580.69033763462539355	1348.83839074372144751	522.62263080925390568	570.56735123802025100	467.99026807334774958
ENSG00000175426	234.65936536049434835	207.80790691414713933	793.19849400683733620	3008.45947484444104703	854.82963331952862518	711.16333722299225428	1090.33627765098799500
ENSG00000175874	1877.76085793681681935	766.23484680509534428	3375.45046788535910309	10481.81089132803208486	2469.74420655171525141	2263.49125801685340775	2588.72137492068395659
ENSG00000175928	391.53931572639089609	3519.78180087169130275	121.49196050221846122	561.81515296729435249	874.63299652028217679	50.99076909197770391	149.85013037023784932
ENSG00000176490	1448.18907841994109731	338.95182192197341919	1477.71590480249028587	4521.78588301916352066	1389.71950985455532646	1159.62459849333731654	1361.43464201283882176
ENSG00000176641	237.24729141619360462	79.28238456795418188	184.77865013107216896	130.21408560811030952	37.52370382091130097	7689.69429557853618462	97.85809315006444820
ENSG00000176769	405.69162115778772204	96.64513942737768559	213.58648925271316443	1191.64617941760980102	158.14529619433389485	220.03164220697854603	131.05762945317155754
ENSG00000176928	11.85764445096158326	115.65477743726044935	113.87446489163455965	1051.30064959863966578	350.73340894583554928	316.45660394251848402	164.67005107524477125
ENSG00000177679	3784.52125280439122434	355.26534464346900677	298.54185786087765564	2305.16649823980924339	260.41001329665635922	186.58383069090871231	178.65757514215667356
ENSG00000178573	799.63410824245522690	337.71079671582617721	282.91890156161161940	108.58361674310829414	438.78044105174325296	775.46685654323596282	9004.37208531185024185
ENSG00000179314	304.50972038290893806	2023.80165491302523151	488.37632845098391954	191.25298204167987137	486.32643870197472324	233.80965006685875096	156.98042362373399783
ENSG00000180155	1443.38138085395826238	643.93916837367078188	2161.96685370540990334	6238.01114508534101333	2302.11306819088804332	1820.99290618428949529	2165.59618189546063149
ENSG00000180875	1220.27887355576626760	118.47692699083188472	98.45620177197803002	358.14457660355611779	120.03164015312106017	335.29745520039631401	121.81989507164206543
ENSG00000181072	2528.00768062717997964	119.63819621110043556	51.40749832386475049	331.70739769350370807	68.86836041016410093	104.29688932821255776	34.18555870536548014
ENSG00000181215	702.94086698458306728	0.00000000000000000	205.77975028012625103	2233.41661165914047160	421.35746956266308416	134.99502458916094838	226.18642276428718674
ENSG00000181234	995.76941818160855746	3475.32517711964283080	729.11152430771426225	505.49003810076368381	877.75143089803407292	2079.22882613755336934	282.52003200521033932
ENSG00000182175	250.13129739414387132	590.47487745712965079	689.96556873355041262	719.03518728278470462	6074.72151344433859776	502.13999870014129101	491.71995161376389660
ENSG00000182348	229.41286671220035487	0.00000000000000000	0.00000000000000000	1278.79212949529687648	0.00000000000000000	0.00000000000000000	0.00000000000000000
ENSG00000182578	191.37097063692519328	285.88139004524055053	173.87437040099661090	149.30338693889521551	296.59506655262890717	720.33519302666331896	9066.69089885291941755
ENSG00000182674	925.92621136687921535	121.32519242397304993	251.05554049758546853	2332.87576963904848526	139.37080506403239610	163.49599099481088160	133.91042993914658155
ENSG00000182836	2347.57309536656066484	131.83602686054638298	255.89069717695704753	762.75768933985511921	334.16151150269200798	225.27358329886283173	1774.31316998725742451
ENSG00000182870	838.48392658684690559	263.36719936916603046	680.19213958074237780	2517.43760514785344640	923.42952354530712000	464.46355898608703683	723.59177704811645526
ENSG00000182902	256.04584320249296070	739.33871734692559130	998.55260698551489895	452.69539678099710045	8492.82183069172606338	469.59372340547696467	815.28128644752052878
ENSG00000183166	5931.69417234551656293	320.67669890330500948	362.89554073390127087	1740.78417045928358675	1751.00417763177847519	0.00000000000000000	0.00000000000000000
ENSG00000183230	0.00000000000000000	0.00000000000000000	41778.31363729223085102	0.00000000000000000	0.00000000000000000	0.00000000000000000	1595.95422459703240747
ENSG00000183570	1954.40794714923526953	176.80706420227804188	278.40910694396035296	275.32682667584953151	262.43373665611835577	1489.26890759281536702	473.17114274890371917
ENSG00000183579	66.16083256128221990	256.05054130495625486	6.67287181996010048	333.39982276843784348	12919.25521042962463980	716.24858014588846800	656.37601786560219352
ENSG00000183654	453.17733845379132163	49.64051686764612725	63.59068627837820031	278.63547741841955485	52.18599857944796838	58.18449205379832989	38.22452737593265226
ENSG00000184113	131.38108543918218629	124.67734943080071730	358.62079454082339680	259.31598449868948819	275.49427966878050711	8465.28299359755146725	89.41557950146656708
ENSG00000184144	656.45042614618103016	829.72734463650294856	15622.14764317975095764	1643.64463394442100252	1022.86974384061113597	512.06962955711117047	975.37217014808459226
ENSG00000184221	195.76292531036739319	3174.42955941635500494	1830.35193842407534248	381.28432809641054746	534.29223270574686921	309.44374035740622730	367.01164005541812685
ENSG00000184347	456.72311260497019703	158.45499789637688082	504.80825096500660720	2295.34375478662468595	315.68373915539649488	2005.66453919237778791	322.60055250471890531
ENSG00000184611	750.53980339475936034	0.00000000000000000	0.00000000000000000	4576.19197361178248684	0.00000000000000000	0.00000000000000000	0.00000000000000000
ENSG00000184613	2861.89362811483442783	2254.12683711955696708	3400.23828847952108845	15760.63258257541929197	3362.46020645005410188	2506.42821239124532440	2771.21300941932622663
ENSG00000184999	27.71416411556874593	9.67252796221140443	59.43095213700400592	791.77106109838200609	34.42639856371761198	93.46216291912122642	57.53983772358694182
ENSG00000185008	21457.26509117290333961	0.00000000000000000	874.64083415177890402	7966.91775711725858855	196.35233293750187045	0.00000000000000000	691.50775511389565509
ENSG00000185518	1995.15031665092760704	1371.75451004920660125	5021.15025551003691362	18552.80997115013087750	3286.76634331521336208	3066.95197653144487049	3055.09137613910297659
ENSG00000187068	309.75418660853205211	2577.24659543764437331	0.00000000000000000	321.53334551223372273	1323.67651588474200253	143.28435220919740800	546.84061276146746877
ENSG00000187122	1471.14688716861087414	1011.00077946506394255	902.07640670464456889	4736.71332128372796433	862.46122152738973909	599.69051799638793909	809.82783539328954703
ENSG00000187123	1196.90158084529184634	193.70988885561254733	80.85965465012723996	113.23126222736706836	903.77518695503692925	131.01230509812765490	108.07183177839004884
ENSG00000187147	1428.05593640093184149	1889.09903172049780551	33402.17633434130402748	2333.63167782981281562	4275.34339464517870510	6774.81382279444460437	2306.63709800422884655
ENSG00000187323	753.99823238453836893	6243.60296770592321991	26.10371861203381272	2555.64520192623012917	0.00000000000000000	0.00000000000000000	0.00000000000000000
ENSG00000187398	1260.77820182029608986	7070.84601440079768508	230.55109090593728638	567.19565787524561529	923.36166930607839731	181.23000232200723758	144.23661320786982287
ENSG00000187416	824.65442840885225451	9961.77681364535783359	442.50866136353363345	554.78660397243902480	313.63754512083198733	397.98420878822702207	310.75204603293275341
ENSG00000188153	0.00000000000000000	49.86725434959343772	9409.93850206355637056	46.64134933496965374	2134.41383084384551694	1192.81940552540709177	477.17178542019405540
ENSG00000188158	2485.12343236248125322	0.00000000000000000	0.00000000000000000	132.04817733730166651	392.71175838888501630	1602.28127317000189578	19.90592639525460328
ENSG00000188906	0.00000000000000000	5793.31383388624544750	0.00000000000000000	660.68914453132902054	0.00000000000000000	585.69287954268804697	2314.06955755463695823
ENSG00000189056	7860.75235708074069407	180.00807005417524920	393.13493112508331251	178.91603830460161362	129.80457214933804266	144.73183778436433045	228.08505439240997248
ENSG00000196132	246.55710772294989397	1670.39770036272329889	84.26596199268276166	130.29003169343818058	57.59912240110381276	86.87689240119053125	83.17210283910938529
ENSG00000196187	79.51820402774143304	323.96757319742721393	6620.03217877094539290	179.62842091624244745	1661.18045630561027792	1170.04795103767742148	1556.50878806384525888
ENSG00000196562	527.64829427504821524	4114.13271979875389661	256.56867443036065879	568.81051649196069775	312.16397057688010364	1212.39256005670495142	426.52202924420515728
ENSG00000196569	0.00000000000000000	0.00000000000000000	1714.80229239255777429	1495.62658248604975597	184.88711998501412381	16860.48440592133556493	282.04931583993385402
ENSG00000196872	666.62739269959229205	584.05454710963817888	1109.37939982521629645	4850.27319394717051182	900.19368660271322824	1245.50401255159613356	1795.22640062419691276
ENSG00000197360	48.38300553539146165	162.40279472085896373	209.55318091461907670	96.03581854315906696	3144.19064317301081246	63.58889858668034378	274.13422972623664009
ENSG00000197430	130.81359561868092101	320.31145801815802088	10199.33328866762531106	510.68156513152121079	482.49294831028385033	569.15664140759326983	792.72965303986188701
ENSG00000197584	751.44162849683607419	2918.08113840202304345	66.99495546702706861	308.22991523271548431	109.69952677798544016	27.11264948734073243	71.83295587447311448
ENSG00000198732	372.62016322462829976	4238.13085311470877059	824.36375100993427623	254.07532183444581619	550.73481645972310616	242.94421833366629926	255.59046943441506983
ENSG00000198785	2564.21399369890195885	108.96241654719192127	123.26712331483923890	447.01704407899728722	151.31950337314353305	125.38167337869185758	92.26743989945794056
ENSG00000203727	1459.92127391474423348	58.22675998674913700	64.49368825272834727	247.56036501568402741	78.07503828530363421	175.82479379708780698	33.30371214452863171
ENSG00000203805	159.81374572245593413	1073.69183980072421036	166.20218791574475858	77.72547893988416945	201.17159356723155383	60.80011062270767752	45.81649641367883419
ENSG00000204592	387.41080546099584581	406.67063490706834727	1080.24923028850184892	524.55362347617938212	1616.83899555305561080	10750.34661192341991409	3590.15499643842758815
ENSG00000204655	122.84300726803490988	573.34511173151577168	12741.48319697570514109	418.61742975665737276	416.13787606105995565	446.24437231102911028	636.69189434087445534
ENSG00000206052	9293.96558261085374397	1240.08630536581404158	0.00000000000000000	2558.40898051531348756	0.00000000000000000	0.00000000000000000	0.00000000000000000
ENSG00000206190	279.79612270059021739	196.59079111256889405	398.51287650831989140	309.55342690464550515	199.06112240183423978	9873.28055015249447024	0.00000000000000000
ENSG00000213949	145.22392006709134193	54.85302301293376814	150.95411642277258579	94.12907025976089415	98.55144474377328834	3848.35010401977979200	48.50835971648984213
ENSG00000215218	1294.74497763164163189	812.43279607513863994	1017.71489700738663942	3756.65716968259675923	1040.53793305122735546	876.31902062106200901	1044.55487000380753670
ENSG00000216863	165.74537752375147193	134.94564665614811361	426.41533774786842059	2160.57258148159644406	317.11260823912181195	352.30996569865095580	781.83517276089366987
ENSG00000218336	7430.24897428069198213	0.00000000000000000	733.88146385214815837	2290.64873093796904868	523.50949179753126828	0.00000000000000000	297.93966810175845694
ENSG00000221946	230.50998394139850234	13.95745710219044078	672.86930397534911208	3480.58450240080446747	726.77793592283626367	409.81900636990098974	773.67462039144777464
ENSG00000223812	75.73693782055283918	112.50754449623373432	153.04746788424154147	1130.22216844173499339	148.42761386387300604	134.45192339923545433	169.54032974845057424
ENSG00000224271	134.99259620250722946	133.08076018444836564	387.77035445847110395	2852.74092550024624870	272.74697804143886515	276.70120781281150357	173.24772250113051086
ENSG00000224819	0.00000000000000000	0.00000000000000000	32.21210911848814362	961.95111587643964413	7.54500176660741761	30.16176555616825894	74.53045942329585216
ENSG00000225206	432.70057150631481591	227.56367122890927135	185.45353890936260655	2161.25332013381785146	11.75523846940435568	25.30597772958522285	181.60563755462942481
ENSG00000226476	8.86987015245073884	183.18450315832549791	122.85572427665135820	170.79214604069883876	2724.00260429258787553	12.85864403963074665	88.87491955390535736
ENSG00000227088	0.00000000000000000	32.67105264882705740	1749.01695392999044998	18.22628720556926041	27.19836459578063526	0.00000000000000000	68.16105656107913546
ENSG00000227115	223.89749021479417479	73.71173649340431666	3064.55693826489277853	46.79661375676516855	77.08914636949828036	0.00000000000000000	171.37678672320441819
ENSG00000227220	32.89408300727308188	243.08279774293436049	32.14046679928663508	28.30877894959294494	26.39979677074914477	91.73295688833687223	20.38548003479468562
ENSG00000228566	148.31414834310658080	241.98447409759620541	249.28310399647460827	1348.79871494841768254	201.79015212672493362	180.95558046027574051	152.72692537260590484
ENSG00000228624	33.23475644736245727	111.64986133241198729	3583.97597819715792866	137.20856303582257851	463.88531792532296549	0.00000000000000000	408.60230715199384122
ENSG00000229618	94.13181738498414575	95.92156606585014345	187.84151341693717541	1685.06483225213128208	167.80399368124983539	211.81162806534891274	156.71211360152153702
ENSG00000231871	53.33675915770326270	316.80360416407205548	72.61605285536728616	51.22504065188963551	104.80511281594701245	52.46860846369416720	36.63019840805633009
ENSG00000233928	286.84521942561690366	44.30401522909954082	165.57149683138013074	1039.17658714218850946	94.75185302821955702	183.79653786145641448	123.47432921096974212
ENSG00000234377	50.63406842279164977	139.70609094988168408	338.95818623571426542	150.19359432700778711	8021.01294668842456304	78.17882602618811916	288.64921831531120233
ENSG00000234423	158.46582437385981734	10.72182821188554946	59.15295514322203019	1001.39737908572567449	43.90291096569453089	33.84419009135330469	56.11495718727339010
ENSG00000236197	69.84109904091505427	140.00888097621705697	161.80616180233624846	112.17548017118890868	2399.49987531093711368	55.23375345281666426	123.08717570630273030
ENSG00000236404	761.99364791512869033	289.82042108540025538	491.83182874411528474	414.96964073157994335	33.74190026569281997	23.21062447085837022	81.32501262969367417
ENSG00000236451	24.53813925490345227	19.41239037958089497	117.93150449202737207	1284.73738749451990770	67.29466854687336763	68.15962755262015094	104.96345609141707200
ENSG00000236790	0.00000000000000000	0.00000000000000000	0.00000000000000000	170.02865614283788886	10542.52549826673384814	0.00000000000000000	120.69738922660857838
ENSG00000236963	73.18282266738842168	75.99328576290716342	35.90151580453134983	85.15457190346405980	85.33617106896437576	89.13849885728168942	2656.23738517942547332
ENSG00000237720	236.86453570747940489	107.24240363856101510	259.67852435523104759	1670.83487123558597887	160.90737538572747667	199.86538562268893315	87.31156027300696110
ENSG00000239498	6.91180812930051580	0.00000000000000000	41.32567279488264944	676.85544126436150236	28.98439993953056515	36.81908037632418740	38.35408344391711921
ENSG00000241684	673.10803792838794379	122.75228183275615379	0.00000000000000000	0.00000000000000000	368.35388780744085579	4983.18335782357644348	0.00000000000000000
ENSG00000244128	706.84585280887165482	1692.63429727511675082	95.49097281920744251	432.54572596364107540	62.66391721051747510	35.85891211470701023	74.29683890840811955
ENSG00000244694	4510.92589807491731335	0.00000000000000000	0.00000000000000000	620.01071455099645391	0.00000000000000000	0.00000000000000000	584.39313495736303139
ENSG00000248455	93.57275045817547721	73.83777075412804436	286.16216027228318808	1185.30479439576674849	211.61178821857080834	182.82633401376745041	196.13162406854968367
ENSG00000249669	70.03941645857292997	65.68180974852243992	127.57696518677731490	72.57505163945789661	58.40787641981889067	3986.05128417454670853	0.00000000000000000
ENSG00000253554	708.46572521374287135	58.93337365471283817	65.76976596200691461	335.35694646921439244	166.47659884916305373	75.71883716721291080	37.19669973968529320
ENSG00000253877	1.01266827456471398	73.08110269209240073	5247.81993697215330030	52.78853463567889293	97.17231254029468346	29.51010952137584553	191.97944908322693891
ENSG00000254087	73.80221737333856424	144.28421249303028162	85.60446094085887125	51.68701308173682207	540.56429312554985245	392.06304477890745375	4138.94955119450332859
ENSG00000255595	413.90711269290397922	53.65638459180458142	123.72346016788247880	889.09258116438900288	78.66888909491970594	101.02259855235645603	69.01681834143637673
ENSG00000256287	201.32387648343581077	0.00000000000000000	0.00000000000000000	91.08298207195993257	0.00000000000000000	0.00000000000000000	0.00000000000000000
ENSG00000259048	0.00000000000000000	617.61166518990592067	184.96578446841968457	46.66925585010353927	0.00000000000000000	0.00000000000000000	0.00000000000000000
ENSG00000259905	2521.69130974791778499	0.00000000000000000	323.66506969975409902	50.18834420078171377	0.00000000000000000	0.00000000000000000	0.00000000000000000
ENSG00000265972	130.24777725641146731	885.62474839594176501	1296.38018329758006075	188.90657187210521784	743.39604823993329319	5431.36008839046371577	1741.63163451737000287
ENSG00000273032	1607.74203703750958994	391.50113652142169940	892.27430550871474679	4293.98516941224625043	1116.10800179322131953	749.74207941309964554	698.95946164566407788
ENSG00000273409	23.25651399199077929	32.07919693316798515	18.41195734194826983	17.30801371996122384	29.11450541358489374	31.77254836394615367	1297.01319745982868881
ENSG00000275832	557.00544364617849169	876.66826719368918930	7455.83924599232432229	689.93652418659041814	2679.61567601957585794	1031.66714552383859882	725.76441132573825143
ENSG00000283154	1213.93931068845313348	219.25595138847822341	840.26331778532210137	4327.19908877449506690	335.52387835541685490	506.86975019056444580	328.34415888514689641
ENSG00000285051	91.24447608930628917	50.70027421414177837	3545.94275034125348611	94.31341341571798864	167.98079404513288182	485.49193071017805323	131.04981170878627950
ENSG00000285939	43.18941992573371635	10.06068259570511003	81.06551832679527081	791.62405222708821384	45.28107821668502453	48.83739645350237168	64.45594368225114579
ENSG00000286288	137.48732101672902672	111.46168867242992917	287.12210271255207772	358.12108408001421367	3178.45806480352530343	115.42161974648448108	437.35899424527360679
ENSG00000286749	0.00000000000000000	0.00000000000000000	3817.79083354228214375	0.00000000000000000	0.00000000000000000	0.00000000000000000	102.68584406533467757
ENSG00000287151	229.99467793510015667	1390.51196604173424021	0.00000000000000000	167.97352064862587895	0.00000000000000000	211.91750491786120847	94.21873147582923025
ENSG00000287720	144.40439699723850708	607.60254482877599003	42.88562347661549978	186.79176871891559131	244.49424063876671198	38.70741795465093560	82.25405433683168610
