NAME	Inhib	Oligo	OPC	Excit	Astro	EndoMural	Micro
ENSG00000004660	467.88668399187668001	416.05362749398409505	112.13679599096741413	2076.33171199615435398	697.55349401871535520	479.64818793459829749	986.57728681870685250
ENSG00000005893	564.08393026029330031	7346.89610210174760141	920.37599830316401039	877.05517739062452165	1660.35948987953770484	1083.50702248049537957	1749.71830910078142551
ENSG00000006116	1595.71735198038436465	703.92465176966368290	168.67949043486152050	4302.59817497684070986	591.09644576620269163	472.65739835589118911	805.18713991826302845
ENSG00000006283	949.36618878599176696	125.40193590370667209	469.84538160019246789	506.28159479630005535	79.02987341592366022	49.48779129829498658	79.65133420719854485
ENSG00000007402	1013.02988052806756514	88.03386865078233825	191.93148109928984013	266.72738481456070758	209.37714789055564779	156.26338265853024723	43.53348864715685806
ENSG00000011083	135.60978156745389356	192.00549155549995817	58.36171683048037551	1129.44535512133006705	180.83086905180161352	132.70927347737418245	156.35430714419737797
ENSG00000011426	151.16794490502581993	5322.48524683403320523	123.05165051579787416	207.43715211999065673	235.47792864070802921	209.78587398906716999	376.60901142798536512
ENSG00000011465	300.05526099131083129	115.13152768725369413	26.21452584743891734	83.22134321973966564	159.04841369186078737	6158.19848752570669603	70.01815288680953131
ENSG00000012124	31.98178343528349643	4405.27063783927133045	115.25097779541663101	70.25953256410623737	89.63830188304001467	78.02929157607866273	185.28143221367804472
ENSG00000013297	86.96439699159650161	6452.22345199716528441	164.91078954972741144	220.01930361437680972	345.58900834886105713	569.87783007596112839	442.99732320105721328
ENSG00000013619	461.21875448963385224	284.88376731839360900	2349.65712472994300697	754.93233076200590403	1509.26290680249917386	526.90065821692485315	93.54927466283940873
ENSG00000017427	2256.71014579451184545	102.28291099728345159	96.93056447519469998	98.71269544291000386	97.60936946494213373	85.15886464473844342	1889.29086503666235330
ENSG00000018408	194.92856583517590252	581.00855174739820086	317.84709612540245871	302.20542208296365061	2154.59300536793443825	9683.33765065763145685	367.50774603293410792
ENSG00000019582	22.82117804038903586	283.40146210604132193	55.06294910706780854	104.97731821068620661	156.52851000163843764	580.91940565781169425	8737.51961688923984184
ENSG00000026025	26.49697847271634643	405.38189641035143040	38.66938081879222722	183.32285077166358178	1202.03380617510242701	5814.49946877766888065	440.07155996200441450
ENSG00000026297	868.54718279311123297	244.05853318677677066	319.40399959567798760	450.02833923537968985	542.10489433096040557	332.37314558368740336	12783.06700192571406660
ENSG00000029153	372.19082835548937283	201.67241480045692015	213.01603885639633518	1484.79008591922524829	158.88650919307102072	406.18496612552354463	216.40437346738525548
ENSG00000029534	3772.48601398306846022	176.30291559204900409	223.54030480453528185	458.38632557034566162	152.66143847075312578	226.37856533563990524	286.36580811868111596
ENSG00000038427	264.59134375022614449	654.91342351885145945	26438.38190898760512937	202.17273687813411698	3594.27794344014955641	398.21332742405661520	214.47269882771473704
ENSG00000042980	132.34318466808917947	125.53547141343257465	54.64855498624969243	106.44985426750673696	72.98483758789706144	90.67670134429171469	21662.56836222572746919
ENSG00000053108	1503.27231446844325546	1025.42963985377627978	582.27414373099020395	9806.51316506210969237	906.41921001850187167	717.86722885478013723	619.05892942606794804
ENSG00000054277	195.22739904425762347	271.92447388336677250	137.64754464172796133	1100.07343799541672524	299.63933293683993497	227.57282613433483220	429.57404274854735604
ENSG00000054654	261.01163226716096233	502.78085316622718892	666.77289227817732353	320.69542565618098706	564.72103277978919778	11850.39897493415628560	311.23901086079337119
ENSG00000054690	935.62398192715522782	16595.98824257059459342	1655.43409051672142596	661.14829907672788067	1141.44657745584800068	635.23466799925290616	1094.69377441130336592
ENSG00000059377	70.38200859528438968	217.32226388251152116	91.45800779504469347	54.37889487851551706	343.49354295111521651	174.61134667292546396	21553.76750479311886011
ENSG00000060718	1511.13578514362302485	415.04978259640807892	9773.80535187953137211	1904.27226018304259014	2007.98098658573394459	669.98756609230213144	404.25292649376416421
ENSG00000063015	1379.12737609228588553	184.14564548938022881	322.82199892290975640	539.54390286121235931	363.91534675555283229	66.93767112632360750	236.75372461744268549
ENSG00000064989	60.08914235277260474	166.45949258983904429	3865.73462568021386687	396.25065421915218167	389.77801526538490862	1678.68719552254697192	67.73859371183944234
ENSG00000065320	144.11516210017904882	76.36646410186773437	4634.39437573280702054	116.72476892932621695	582.95516272151371595	1348.13342950863852820	44.79269281812583614
ENSG00000065809	237.27325224071952903	8980.00245566493686056	476.20039315395865742	218.76173112376281438	494.78430040608242280	1742.61229214013474120	1347.90142819396442064
ENSG00000066248	442.60397415869226734	830.43765931653797452	225.82817991579841532	3289.01594634784760274	745.20742691093471421	512.06929360440153687	712.14564621365730090
ENSG00000068078	33.55389753907188322	370.74604092204111794	510.90653189127203859	249.02968542956463693	8010.53421065587281191	223.30934657980500901	468.61983876608894661
ENSG00000069122	28.56716698692845569	221.19535048937103738	27.53386182332964083	335.85171562480496732	111.59403795587193997	6993.42079065823327255	100.40222003948423435
ENSG00000070182	1174.85738297391526430	215.84266879583222476	495.44066548000802186	757.61347566841482148	179.98952018483433335	282.80119450418146698	95.22878892768289916
ENSG00000070808	1970.33349818643750950	3577.25642346926542814	860.22455600004343523	14512.77789818681412726	3180.32112376720988323	2815.72718824187404607	2666.35588933225608343
ENSG00000072315	2723.85380319618116118	583.37719312272270145	202.98741696813050339	1061.75636268956600361	126.34626414531348360	137.06786235077632341	137.12666283671276801
ENSG00000072657	2321.93876521286802017	856.24753379362971373	1455.11715848906464998	5117.50152373609398637	688.71519399369503844	674.21008596740557550	727.91276146588336360
ENSG00000072952	45.65348589413351732	345.38298147953258876	141.11806053766923696	142.01087855901414514	7293.60546425706888840	983.81450891187444086	534.32340867948096275
ENSG00000073670	493.30152162660226622	296.33385862638380104	90.81416241509349163	1320.91613232940494527	430.73033856182871659	193.83034330737874029	308.50650899099429125
ENSG00000074181	14.93582398074762985	89.99249999012087642	28.36885264752855917	64.10103053499892667	168.55227503993097571	6624.30938388267259143	34.89561823885892977
ENSG00000075223	4233.46390832847737329	1974.52262624257969037	219.12525983915739403	599.02770056512929386	289.65108507558477413	600.08430417589784156	346.91147739810924122
ENSG00000075461	573.78917153336328738	102.41918115090039976	4761.94580410122489411	136.95624205551138175	90.77612002397349045	125.26192078959923037	35.20880976894535053
ENSG00000076067	255.18294941412213461	338.66038041092519961	528.78341087043634161	187.26997362612831921	1538.12594721021764599	4487.47940874757478014	1534.85228595138369201
ENSG00000077420	38.34903598017397286	252.03574039423654085	185.38244884367270515	58.03113036209002473	139.39214762733803354	608.08074845311750778	39332.89030805222864728
ENSG00000077782	493.57891765850087040	511.36909119154859127	4498.84416831360522337	803.75309979011046835	2817.18049239049923926	2124.27484851223107398	552.28043175365928619
ENSG00000078269	310.00857335834467676	8187.79121436705281667	439.27136191237246976	1576.96283101722542597	357.01252562598762097	1007.97626110562055146	589.61298895909737894
ENSG00000079308	134.45713146702738072	1334.92537230597349662	780.10535190839073039	157.16019521101657119	2330.27041121522643152	8196.44855882369301980	414.25156352136082205
ENSG00000080493	1052.18726583781585759	1167.96361701984392312	1142.05943287698642052	1515.32087414348143284	23396.40394789281344856	2125.06826452662562588	1413.25063994742640716
ENSG00000080573	47.57983397442176710	613.25159049092462737	1101.03104770890035979	495.80096615241166091	15084.74224080258682079	1948.87365210880716404	1113.74230778066817038
ENSG00000080822	531.77138760334605649	5762.68519416639719566	567.37810441033798270	921.91377246092440600	702.13707712280756823	1243.57770300537163166	1033.61364230658978158
ENSG00000081237	25.64246726074700788	146.68733956360898674	56.77776317554192786	37.55779819042434298	88.94410052298685798	2013.88424646245130134	10838.15671650457989017
ENSG00000082074	19.26588091615720799	185.31843260785097982	76.46097749011480005	32.38168498148380081	96.56094951473858146	1174.30354563600099027	16495.50211263285018504
ENSG00000082438	253.51192149637535067	407.33486784882586562	176.18128734584990980	964.75215923511882465	377.80106418096909238	24763.58829261663777288	409.03299291607362420
ENSG00000085276	35.47779843129231381	296.59387301019552297	247.50757132576026720	75.92945238334299063	121.78680683974830856	16614.33252960294339573	138.99445653740278317
ENSG00000085563	466.69889922724382814	453.13647551642628741	128.54925183889827167	927.82485787497682850	199.11926303354005086	24468.79704618941832450	352.45716282790328933
ENSG00000086205	33.45550006120307529	5569.08061110068865673	161.40784700336976698	95.94571293299405568	173.13639503636213135	77.11212839108070227	260.25773735524217045
ENSG00000087253	331.16121565979511843	648.55959494633509621	81.85499461558804057	136.43576321577026533	86.99536274646631284	252.85364950264320782	10573.16112071094539715
ENSG00000089250	956.62967695196675777	649.28923395178514966	2431.36929205041224122	181.21781977745368408	94.17870237279224455	381.78422464706750361	118.20940388078048500
ENSG00000091136	1742.14153086750548027	160.92865443774081768	73.21857650306279197	1111.12082506001183901	228.29734342420289295	676.29691876860147204	182.33272301520435121
ENSG00000091490	374.20245639541076343	211.08419090949396946	2557.49751734191477226	608.12905252288555857	1819.48926842433911588	309.62408296617434189	251.74594354966131959
ENSG00000091513	256.57399171178815322	18401.48110606774571352	919.47815077434279374	756.07859546842041709	1564.17881814593465606	662.71992031864431283	1313.83500965162443208
ENSG00000099194	383.09476161066436362	9260.87958724297277513	635.33122587304558238	872.97468271644140714	2788.11792559773357425	1051.17455086309587386	1308.29389544856257999
ENSG00000100095	3413.87580110297130886	903.88500504295882365	13950.02986282330311951	4555.33900730199002282	1494.98148448578103853	582.46355041288768462	876.84954056414574097
ENSG00000100142	699.02626538421668556	11123.97384486417467997	957.12049984450720785	868.26119843004164522	1173.34406228222906066	731.91693197095764845	1011.12057690287974765
ENSG00000100599	141.27269140417584481	122.50288608251399580	790.09480603786084885	286.38660846807937332	739.86484402647704428	608.58736683526728939	8934.06418769107767730
ENSG00000101096	30.82297349618623983	97.43682388346337575	95.39514157070625799	70.50813779348077048	783.12981617355183062	1124.58160324701498212	7704.83924944935461099
ENSG00000101311	40.35406365781177129	61.92275871074414795	4557.52293404404008470	43.21259179286747099	49.81743092029281428	100.30326447526356048	32.93752008917885377
ENSG00000102755	215.32372554346261495	537.11613690824458445	134.01273558695078236	204.83919871018389358	238.33383024356277247	41645.69617690583254443	1336.43084889392480363
ENSG00000103174	293.52336205107735623	192.77503044404497246	83.70000498779927511	999.12119618968620216	292.57082386266569074	154.92277722457043865	311.60454507193168183
ENSG00000103257	560.06463610755861282	371.40061008430143374	452.88482243695005991	647.80136387933453079	1195.26512679898792157	12719.81050464983127313	1384.25215253787928305
ENSG00000103316	193.33963825614080179	635.22944449301326131	187.43339811482422874	1904.66072790209841514	685.77507895542896676	592.37951023413779694	769.43246919049431654
ENSG00000103460	2461.62710703643051602	545.91404407519826236	1111.87290227808693999	217.25362226241585972	81.18469639174280417	167.86169395503367241	62.50205528924417564
ENSG00000103489	2891.64141523506214071	2019.73885414234609925	30252.52153381356038153	4558.55735531071877631	3012.45372744457154113	1083.94059104874327204	2615.96856806002051599
ENSG00000103740	36.54655732279801583	1068.16517748182877767	123.76359055506466689	102.14861425967396258	8636.99857292770684580	90.72463656949057054	517.72458208731302420
ENSG00000104043	450.81327812463382543	179.82774109878053537	81.21273565545187978	466.60327199322864544	127.66842668828836338	172.76000873218791298	21658.25219188953269622
ENSG00000104369	585.88579818246546438	352.41523424814027976	211.71084274951519433	1564.95238015969744083	296.95059649025330373	185.67658983100199066	166.76281533942221813
ENSG00000104888	247.04372509123464852	1682.61606856056482684	406.87802277902301284	5036.74318329289690155	1435.05535532285875888	1224.76952631044855480	1776.99265140514694394
ENSG00000105695	36.46001032591327373	4379.00894089412304311	116.37959051717331249	233.60527320168850451	236.59758720537340082	138.75811633755793650	268.76067855697783671
ENSG00000106034	263.53092139557799101	117.97519799642711291	39.81892725400711441	52.18143562429132487	299.84615140072895656	1532.88211035946119409	12841.49834170226858987
ENSG00000106089	299.24872080055547485	657.61975061998532510	201.29528751729222336	2351.69687781821221506	539.42248441113849822	499.20373823002574909	791.77967680405436113
ENSG00000106123	1065.81824729742425006	897.73570156831351596	228.79778055452760555	3468.80722058888113679	902.90135585767052362	915.74824335484913718	1245.85757957533019180
ENSG00000106571	80.56368174177622166	463.87893233875882970	169.76669100819887603	76.53077744351595868	10739.63479069363529561	1071.95742151747754178	498.37615833170445967
ENSG00000107099	32.16290254120605141	269.17165140939050616	122.13461190605239892	76.40501428532893158	159.11824476944181583	1048.82022159689245200	37275.93705747631611302
ENSG00000107249	913.02270069656867690	1063.16133519770301064	593.65387671541225245	2532.37861568822700065	22224.35183106738259085	2597.42006896363091073	4329.37261262221363722
ENSG00000107331	409.83809408086000303	6688.03042326018112362	537.65994254502868444	1054.89244947212841907	1193.45621631489416359	502.32635477337299790	602.67196189704009157
ENSG00000108381	30.57295838844988722	5242.92660783994233498	147.78351856103685691	125.49787297258902186	611.29879899298737200	299.01577340957237539	264.78090879031145732
ENSG00000108387	459.16905718987021601	4226.37270315186651715	252.58580580120542436	840.31312926780412909	1115.27253677651083308	1040.81938145001163321	565.51971608683413706
ENSG00000109794	280.18006497119722553	156.62904434284109811	291.18996054072607649	308.66906780640846364	380.72180869766407341	299.79498409489735877	10143.48781248894920282
ENSG00000110693	5946.78578495866440790	1241.83224219709723002	33986.70462258344923612	410.89345630472416815	12266.98424541420354217	2207.79595583361879108	920.09998858526159893
ENSG00000110799	25.64254805669701298	286.00059059935102823	89.92127943826859848	109.15954094706441424	123.68871626662279084	8631.75299958370669628	130.29272960873882425
ENSG00000110931	652.25141678731074535	1174.07329683710190693	397.50232883960774188	4119.56610402404658089	1199.44880205905337789	1585.06063476528470346	1939.59452013349459776
ENSG00000111783	343.99392224844899602	675.68363036873029159	1247.31303764072845297	514.67303330172057940	18201.72167987620196072	152.56402666052517247	952.10315685400746588
ENSG00000112280	94.76776989003286644	48.88235919631538451	4606.38083936400653329	44.12809709413086523	57.58567777918042907	214.05799287252739305	23.01370695363226559
ENSG00000112394	1490.63840497979663269	119.43245897197442673	915.18203429897130263	886.25894721680185739	90.25857046620828328	135.12512172886695794	235.00838328585055592
ENSG00000112530	5941.99904580687325506	830.23881979428904287	1242.79487586862751414	2877.78214510528550818	2267.81775454336957409	523.81715862378723614	588.89711623575635713
ENSG00000112799	9.86512632173435478	67.35905532759511516	35.55288179274310778	161.98283727205850369	36.03941211050886295	77.88884131907551023	8987.19176965245424071
ENSG00000112902	1086.21834864925540387	1812.65666924726929210	20518.46229509409022285	815.48120760682206765	2386.08857672688873208	6472.12052308266720502	674.45637422025788510
ENSG00000113140	77.34243641613142017	684.71163517758282069	337.38977168346593771	323.81092828767361880	1145.96518220024222501	4367.29136026001197024	226.14824192216153165
ENSG00000113749	480.13990516070606418	230.49225215652114684	70.25466759211737156	1859.64860330133615207	209.33883635411152113	325.10249548704666722	1351.13795153574847063
ENSG00000113763	405.87829547578570555	219.87353976328989802	195.66011919263897312	1518.76170353492307186	210.67615425418941300	179.64852019282184870	218.91802100879854720
ENSG00000114166	818.78252472941562701	4273.83557680969988724	10843.36783902988463524	594.92676021259819663	5309.30431752866479655	1966.66894442904322204	2185.16581466328989336
ENSG00000114646	459.32483443384899147	399.48370432702131438	2592.25466760430799695	802.81326418571495651	1719.41359386589397218	263.76663176913524467	339.95702913094555697
ENSG00000114790	166.41746137828869223	337.85966529806881908	887.47961903798363892	206.48487213541943674	7191.20663047521611588	187.54037041776931005	556.52611379459244745
ENSG00000114805	4256.39843209849550476	436.99177124610673673	200.41143509300252390	1632.14192938186170068	2662.56253119912389593	885.58710897454284350	429.17592659969261604
ENSG00000115414	176.26149040962548042	322.17277055111139816	331.83688723664351983	272.06549414884312910	533.12078522683850679	8099.34064719488196715	253.28626887638839094
ENSG00000115641	80.38610802710009295	153.56575908286009735	33.77698768685667119	951.77800065633994109	117.54613217601553288	903.61563112635667494	149.58581571542498523
ENSG00000116016	58.97936569109952387	477.29006682935482786	1124.61537151033462578	216.18825604188253919	1399.94207002995221956	21689.75629172169283265	405.93736134538863780
ENSG00000116132	84.62056817580683798	272.22627843024463346	5176.33406379360803840	410.56363015180539833	3788.70106594720664361	2692.79569916000673402	243.35642855419288821
ENSG00000116147	3661.43526386078792711	1431.38916327154629471	62036.66532304126303643	6773.52596370777064294	2006.16942773891855722	788.23034013882408999	776.16630987650910356
ENSG00000117266	143.18587110075313262	8182.95266671022363880	268.81508279845439802	588.27223639552562418	701.40078137747491382	326.97216968398043946	1026.59170620413101460
ENSG00000117394	81.97727627646244741	338.66818624561415163	183.06834664191757156	189.73866389664030407	509.15414843641093512	5429.26058587883471773	167.43411922995522900
ENSG00000118160	547.35332671885726086	540.22692369445906024	148.88005985729026293	2026.76470636206749987	402.73832290854909388	348.48335783130733034	422.00309503565301839
ENSG00000118276	4393.70433012691864860	546.50506830281085513	1219.08162783769171256	1804.18791682895516715	570.52369142040333827	437.70553575900856913	478.63086713549711249
ENSG00000118777	29.93711663506218557	304.88444839631057448	188.06671143353057118	101.08885363525878631	163.08395579158781175	12181.12888121360992955	555.81285191848769500
ENSG00000119042	171.26145363861616033	1342.43598008804929123	295.75158647347484475	6412.57728373673853639	1114.56999533008706749	1129.93367849834135086	1038.92983253787474496
ENSG00000119125	588.40730229822941055	825.98419509153734452	179.62390105532494999	3471.28184609837853714	661.70452098546604702	496.95325337003396271	670.99089441765738684
ENSG00000120049	1087.82658122076168183	166.05478000094407776	119.57070734548024404	396.82615468915253132	500.33356559694931320	136.50942153898955667	314.86094458931898998
ENSG00000120899	330.15613375988249345	891.27313261866481753	300.93929947190110852	3431.55631310433091130	1202.28253823700856628	928.52149239332845809	2229.08461941258428851
ENSG00000121904	2523.83216935947757520	2321.10804292752118272	9339.36868127696652664	3591.49283093096710218	405.60221244858723821	487.74020765000204847	306.13199275820562661
ENSG00000122367	63.75131696857383190	4858.67952856216834334	116.89607269707317982	170.35218728557387635	137.98924473131907575	430.83141099020565434	249.74923491220886262
ENSG00000122584	13386.54428371272661025	745.34443749337060581	22216.91036957541655283	1095.03598428648092522	428.43157176275406073	519.60579224851312574	296.09477593165127018
ENSG00000122733	377.15339161511815291	409.62878544058014540	80.87163855566039672	1420.29463949034629877	466.63993587231828997	258.76982547167091298	398.64260070754619392
ENSG00000123243	33.46319979843122638	244.06252250699182582	53.51032278772444783	110.64997051534730588	234.14331785006856990	18072.67874043606207124	365.34851333070929513
ENSG00000123560	577.35587996926733467	56641.84208053089969326	2077.40193636890126072	2751.91168886989271414	4544.20407173458261241	3411.40408622686572926	5281.66428831698794966
ENSG00000124191	2069.83100637611960337	150.70578098710555537	1171.18813339823395836	630.11760886627428135	492.17605291410933432	542.41903580862094714	118.47004686276891050
ENSG00000124749	2073.85525951889940188	140.54086929388125782	94.63409489344751080	448.66399459261367610	1450.96075618962004228	363.32702024448775546	96.26835916170271901
ENSG00000124785	268.13168108576104487	1149.64697243074829203	396.81821402913050179	3619.25355344594117923	1229.04769082431926108	1474.81505346171707060	1395.73106802126153525
ENSG00000124920	38.71717050987976450	4858.51131797121706768	157.49268227962065225	178.97425925742379604	195.95707940753877097	134.35125659490617522	345.36190823418814944
ENSG00000125257	187.21361645936883633	221.28394398948347543	547.55714149870277652	391.06660338347450079	1743.35922094503052904	762.23763330924077763	25034.39032796398532810
ENSG00000125730	18.28149800320584717	226.96139806301374620	94.23819258827582246	82.91520216453788805	128.94834453311955258	130.03420709157359170	16148.32661888453912979
ENSG00000127329	1093.79949723579147758	387.71691584577979484	53.92503889205792689	1278.19256172792529469	191.66119223265670257	9482.00440124457782076	682.65593491025595085
ENSG00000128567	86.97259454109673982	182.39783967386065910	125.61897789821129834	297.76161780613477958	121.64069934593229050	5737.45254408463915752	82.71606563503191012
ENSG00000128641	785.15702214794066549	245.29879120888966781	66.08989897928745449	769.26179937052052082	153.41959062159716609	9787.72691879194644571	239.47707788598538059
ENSG00000128683	6942.65036313368364063	482.93532583294330607	1994.27655742654178539	457.12936003142618802	546.18761728912306808	340.67952492670582387	525.02602733424680537
ENSG00000128815	27.57742247222936172	50.57017295168766680	30.16603260223696736	36.42313289074317595	37.84596400841402897	407.00088817363541693	8435.96246707023783529
ENSG00000129159	2709.43993714185353383	421.70106931964716068	551.21588505673207692	1840.67947003328617939	521.80806986516302004	459.05610643796120485	599.49131357590340485
ENSG00000129667	11.57553460993123018	51.23180692415511572	30.68697490904973790	34.18895709228179669	74.70334895746162829	331.33029514858685616	10259.40987795991532039
ENSG00000130558	2089.22431310994807063	3676.89015230983704896	1555.01014382941457370	12673.18055924301370396	4088.57588254685651918	3260.74196624132127909	4291.26088258739036974
ENSG00000132122	637.62776155498704611	4019.09757351383677815	10126.43714269869087730	749.99034318060125770	4760.74861841992697009	2027.75862530781705573	2605.87518941494226965
ENSG00000132170	1876.01031552025483506	104.67935931615014056	272.97690349069245030	491.12222958827987895	91.64290922081275426	232.11961001353688516	1568.27198959099791864
ENSG00000132321	733.45685599034402458	388.19803337297850021	192.58355641880100961	933.03639188029001161	7399.62550540802203614	192.22529837100663030	410.27032939814193924
ENSG00000132692	201.25824338786233625	510.75132694416515733	3784.48641654305720294	493.05351311409776827	2609.55759973918111427	216.59235644150524536	347.17788760978254459
ENSG00000134115	2065.69910377942005653	233.28968581276723171	1358.32756031034364241	1061.10177370510928085	362.94244085016566714	1015.75968765474920019	140.05714754833937263
ENSG00000134215	4481.93093055452209228	274.65410802286646685	538.38004013551972093	779.06677548150548773	4793.12964593175456685	872.57610045454384817	699.26407303669179782
ENSG00000134369	3572.53241095379144099	5817.28929680021337845	15007.27238731590477983	2598.82837691562235705	8469.82557501081100781	2364.88092066102808531	1787.09290715623933465
ENSG00000134516	238.14274088382549621	493.49402580370247051	134.39231459033078409	281.41283292242229663	129.70896836272982000	834.52154006219905114	18772.24567309048143215
ENSG00000134851	1282.50635777539423543	14901.98427150367206195	1525.43404316433839085	1371.42633109123312352	1586.74798559601958914	2576.99991833752937964	4148.57530914597555238
ENSG00000134853	171.51165410007536138	177.82070656577133150	8919.05763745594413194	76.21234002305335764	66.80314423030472426	559.27232949483664015	145.40000626695052688
ENSG00000134954	338.99830446946845086	320.31762728019310771	938.12145978856563033	182.30506553243964163	207.14467221783488071	7335.38855052706730930	665.20577799622424209
ENSG00000135063	126.12665112798114819	384.11174606669305831	138.84240897093837930	132.90174250865791805	8275.59100645655780681	611.46842904141340114	221.42456206838602384
ENSG00000135426	123.83059448336818775	697.82845136656396789	171.09405159942133423	3565.11559152759400604	636.71900417133429073	723.74711313829141091	814.21546624265704395
ENSG00000135519	274.16758403464365301	281.55713683785847934	175.18409247905140091	1375.52436008851736915	336.00018646707405878	235.49969453542348674	402.85379835377517566
ENSG00000135750	715.80303913427917450	1674.82649012186675463	919.21274261087069135	3868.66774206519403378	637.90194629051529773	787.30508497627761244	884.52268543393813616
ENSG00000136250	261.58636325736534900	1024.52353551160990719	510.13492194450896022	278.51827905083479209	84.79217333833496184	1573.78903498026193120	18552.46412309503648430
ENSG00000136535	60.78944347086777356	438.74378153742611630	78.52917636387516609	1385.83097811140964950	306.59143622279947294	270.65008728744618338	293.06892459381833760
ENSG00000136541	43.25852577004280164	4431.28477811331958947	168.18618777244071794	272.45138417852780321	393.36072146052038079	335.99936568162905814	452.71253144813954350
ENSG00000136750	7193.84700829738540051	459.95435157377812629	267.83141930086856064	403.89260652996239287	473.39928878285377323	374.94104944218310038	565.41010388570543910
ENSG00000136960	162.43791132275882205	13655.21237120578916802	602.35470152664447596	350.29332383845115828	498.55100877513694968	682.60404988026016326	894.41950000926863140
ENSG00000137766	11332.31356415465597820	757.31059945988420168	1183.03867753459371670	3571.38348361674252374	630.21510720031017172	1149.76401553370988040	746.80705251635674813
ENSG00000137831	127.43063854782880640	1430.84875590473029661	235.74977251281802637	88.02676456330728172	1060.63695172138613998	9461.92591632518087863	1045.02346441743884498
ENSG00000137962	755.93791045294938158	344.32120755570002757	90.21883782717218025	926.03216195294976387	889.27779834424870842	15829.78871878998324974	357.99980331556162128
ENSG00000138696	507.11931744655333887	621.15174163366634730	203.59024300862506607	458.46648152635486895	13526.52948597846625489	814.14452340904392713	643.67753683724288294
ENSG00000138795	872.11202735636936723	133.15494036676085443	54.66730333196316849	128.03344269391968169	81.82552059564102365	11084.38164559938559250	123.57302461241179969
ENSG00000139155	209.59883957365499896	315.69341740563498888	83.01367890420182505	93.56938761418992101	6011.14130999638928188	635.40921095949408937	314.69251025710923386
ENSG00000139514	551.22351839395480511	443.20965198762803539	551.84721055072350282	805.17095274042901565	398.81179093623097742	7537.49510582418770355	519.16190552923285395
ENSG00000139679	122.34572474039114809	186.00888076061593779	144.18920671069523110	204.60841128066235228	280.57759344928660994	1433.94457272091494815	14766.81505840347563208
ENSG00000139998	547.74234295664086858	391.73561938190169940	196.63536529071399173	1461.45147996033688287	501.07686299988796463	286.98999598361621111	373.40791332491687626
ENSG00000140022	133.12890234639587561	632.78137497690715918	401.86635620197722574	139.99342033757690729	9181.32353021397466364	274.96732909988702431	1556.47554501591594089
ENSG00000140470	2560.84581105021288749	658.73037594744494072	10662.22820125646467204	400.43625609154037193	6038.53499271321470587	703.99416815111601409	2487.63131957720906939
ENSG00000140479	521.56127108498128564	9629.28641160932784260	840.55281687222725395	561.80188551263154295	536.10246198396839645	383.10820970983905909	424.79490167834910608
ENSG00000140548	330.25012767573656447	724.25005298650819441	654.43490759976930349	316.73321467107268745	1619.26169046361019355	635.84007060922988330	14496.61742777731706155
ENSG00000140678	13.70559717280563206	44.42826758003816678	23.59721284097242844	16.29573907322696869	48.98989791021195828	66.46992721314289554	9725.21100048580228759
ENSG00000141314	215.62387287740969555	398.64808083381637971	2816.75468147292303911	1186.04361918284735111	1816.70338451119278034	372.00559250477328987	183.23044436180319394
ENSG00000141540	38.29957866767028918	4109.45749920734851912	321.62182378405532290	163.91833974467800772	1549.38871329024846091	787.05100476037875978	1066.94621388531345474
ENSG00000141668	358.25252948829495381	716.36804067614696123	152.98683446730930768	5568.40438458966582402	563.88425113087248519	448.04533009048287795	525.67991963232566377
ENSG00000142089	22.41681645771715736	309.78486558629600722	70.83211333624387862	183.10453191059346523	746.57578822967502674	5869.67074259099808842	221.09051232012100741
ENSG00000142347	27.81504143271971330	149.03291109448750262	32.23930666349418317	81.18128893418423786	169.50510290103434841	581.17235385703133943	9096.47733397275078460
ENSG00000142611	35.45090605098349101	396.84115160631608887	234.90004997600900083	92.19076270571771659	10214.97303911529706966	577.65911144371887076	559.51818579572739054
ENSG00000143061	1431.59877206908595326	79.32441659979150472	83.51524393119987622	416.97668623183039927	102.07157944428314522	134.48233816944946284	144.91615588411673343
ENSG00000143248	774.06921412847680131	751.55562646052317177	127.28247345750548902	383.42497065957786617	630.92748691531141958	13758.60699174035107717	563.74640321304661938
ENSG00000143473	3768.85505285624276439	2840.75530642597868791	458.32293867206504956	11686.48521108234490384	830.47148956615865245	875.81844423033351177	979.68303716437969797
ENSG00000143603	386.67638690611858010	748.73988834648196189	582.59492443698650277	802.49307536551714293	9372.38612567794007191	270.53396110176174716	516.80026438267532285
ENSG00000144366	6712.92809923487220658	503.87743770047069347	254.14790207122854326	2943.04963064699131792	621.97504920525045691	2202.06563213063009243	252.43802974663239524
ENSG00000144460	10792.75642370421883243	227.04675501519963632	212.64419804236877098	1993.85184148761209144	301.60760462465140108	177.53810676441656824	191.67099760610082626
ENSG00000144596	2755.06681661049287868	71.68192458431427383	71.06936689220482606	133.50389142923646091	85.59479308872433023	406.59043032698195930	61.13324489580313781
ENSG00000144619	23823.80324671422204119	1866.77921036388238463	5321.55235845498737035	12106.26002042184154561	1160.48499158944423471	4959.30614086593868706	1331.42748747590985658
ENSG00000144749	312.22752307148556383	2140.73211092141855261	936.38388791955208035	450.00254199946454037	15447.23383694942822331	2024.78215097522070209	2473.63576758093131502
ENSG00000144824	170.54059878975650122	171.00091205948012885	77.44242707696488992	927.01415783692129935	108.40419116504908459	4633.84201899843446881	116.07353714976396475
ENSG00000145242	1846.60865995621929869	865.07390614590906353	1000.72183308191119977	4509.11039233376595803	556.32235642775356155	586.43509918002143877	572.38580703402487870
ENSG00000145451	459.68969234265779278	283.91678796556050202	70.29905397345126516	1470.71241135911759557	308.31738191107461944	266.28452296543298417	377.73225043144043411
ENSG00000145808	4047.11813562494353391	883.07143572834888801	461.10327431155332079	1592.33086408446752102	277.74413487789206556	255.98559016935595878	379.77501929953876925
ENSG00000146090	312.28406193160600424	531.57814598301217757	370.17274827410165017	493.77435426351223668	70.25905572968642332	140.20435628123715333	20591.26170433491643053
ENSG00000146147	241.38109084537109084	761.31972609642423322	170.38284138605698104	5284.58185828591012978	460.04103457722550274	515.27671733497811601	503.54644365863168787
ENSG00000147459	119.03387307144568297	17233.99951700996462023	2114.26833989753231435	281.35336851053472174	3175.55979411267708201	1989.74161299375919043	2009.74222980351669321
ENSG00000147488	337.27024630695939322	51812.55206593952607363	1007.08964647754078214	606.39530306637777812	990.40285293381236897	945.08127291123560099	2208.54655398145177969
ENSG00000147509	260.61944010040571129	435.16102478665021636	123.47213213435706791	202.77103275152339279	9346.56553437734328327	112.58528341797074290	407.83670618260845231
ENSG00000147676	280.61824002661904842	410.40849185320524839	93.48437153184057991	1826.82294991471803769	351.35936546811473136	309.08298210827962293	558.26278750306562415
ENSG00000147724	7196.08455706582299172	902.69028775913534446	1271.48503541013974427	3769.46843367918745571	2663.38597791938036607	384.06525719273651021	531.97366643516340901
ENSG00000148123	1779.26952465154090532	4766.81698960573885415	10141.03592077710709418	383.90264138946929506	199.39229172743858953	187.71049880106681940	292.23882489550777564
ENSG00000148143	2329.80912215401804133	2606.36430221486943992	8890.22436087591449905	642.66519356828848686	3969.25097772232174975	1183.58006322508708763	300.69060313782182448
ENSG00000148908	30.83151037232242686	55.05355222698688067	14.55592242428698668	18.13393680547290643	99.72122866301361910	102.81904559377781538	8048.80835141946045042
ENSG00000149090	146.50444639998045204	468.63194885984216853	326.25976924153673053	376.31293876546141064	12254.47312234564014943	615.52536678647675217	612.77515317971528930
ENSG00000150054	492.74339700389379004	297.01982751437020625	183.33135807770113956	1830.30369923480770922	449.98298124766057526	937.84488984170275216	241.38106909435424541
ENSG00000150361	1418.44793688094910067	120.13360429694117215	3688.07846977491954021	511.07792742602629232	83.45333597777776902	100.28022469422944596	26.91419500330012227
ENSG00000150510	283.93099414465490327	4587.23808320328316768	388.01291238393952199	471.34154165967345307	722.36289762448404872	581.93786677309572042	378.07593178213892315
ENSG00000150556	2374.24496801444956873	46.84259203933838478	52.29324763853107783	210.38679664194677343	164.80156503761901376	76.18315538311128421	20.19613942897582248
ENSG00000150656	76.63059834471182796	9189.49500267731309577	268.84973121211328362	225.55117366041926630	272.01239941924603727	275.44509686490931699	716.21553664985981413
ENSG00000151136	9098.18783874512882903	214.08219637220247478	622.76855969284258663	394.67850330883783272	660.87524632558108806	144.85478937279546585	255.14178278692961044
ENSG00000151789	22352.71972280202680849	1024.34425975210501747	2665.55390019571541416	3021.17209586154012868	744.70334608171435775	2377.01180997121446126	719.43096745328205088
ENSG00000152034	37.94578722406845372	217.71871905164638861	43.87681570916449658	1410.97282953511012238	106.83921028937699305	148.68266472118045840	167.43893490326510687
ENSG00000152492	835.83962666103229822	670.43028101373931804	5627.08118418157937413	573.17423951340015265	977.07721971957084861	2917.41593034833249476	4331.00147271012065175
ENSG00000152527	770.69082330242338230	697.66373125571635683	5046.38614208735180000	208.59101100749035140	621.51013179102551476	843.87396867154166102	711.39322787845696894
ENSG00000152931	97.11974328108762222	532.31522255685217715	79.63398754938592106	2483.50757820995386282	504.38779363331269678	552.64634985968518777	673.52093409426811377
ENSG00000152932	9577.23388085514307022	1352.50821041930475985	2577.94811627001899978	4787.22094067196849210	1049.32057464749686915	1050.34012748408827065	1252.74364942000306655
ENSG00000152953	353.48136019772408645	64.41439435837793326	4227.91559160417727981	124.01965696199130207	97.25357721064999339	196.35858246154265316	2513.61129542243043034
ENSG00000153820	11011.93087199415094801	299.99485350907701786	447.46846879242423256	1506.10961116474254595	279.88915995942517156	173.84722424757708836	146.08849569123731271
ENSG00000153823	3376.11380442904328447	682.81797324188960374	11596.32931054402433801	3138.58998432252110433	1944.28331342355249944	5597.48835808770036238	4165.63633117675271933
ENSG00000154240	8446.51472596314670227	641.55479203810489253	1230.18887789846166925	2846.26389478035980574	3056.88902202057215618	4977.14983063976978883	558.44016792585250641
ENSG00000154864	444.01903886776966601	6259.91633759423621086	108.28012123513640574	147.07958207669724970	267.54680727732801415	192.23100706744139643	588.71478162081939445
ENSG00000154930	39.27019378326372845	949.98340048566092264	688.40923419598186683	160.47490422936118648	9226.47938524434721330	596.14575331113780976	1972.35500860549200297
ENSG00000155307	22.31230092713289892	102.18445643212790230	59.62615435736326930	52.27619938322172999	37.70147223351952448	267.43009818619339057	10753.79668667574151186
ENSG00000155629	14.59096223919408608	38.39384569780365553	46.56749861249226541	31.79388526244050794	77.28511503955188289	270.27442561959355771	7937.49060718476266629
ENSG00000155966	3316.04219755643407552	244.35270917444410088	459.28314096619664042	882.57888824265967287	324.09566540119601541	171.41210604645169724	146.10712461311285892
ENSG00000155974	22440.55806546105668531	1469.39368746553327583	2855.44115825737662817	5623.56255744675945607	1802.29665842844133294	818.82664326503902430	954.93716478863893826
ENSG00000156103	3936.89924961219412580	1444.97829947804029871	26652.44898137187919929	6973.85940601280253759	857.67440216367810990	1665.40084152440726939	758.69487242075513223
ENSG00000157110	117.75306859285740302	148.41209102472214454	39.63687115282644413	160.12915959139070310	1162.64125095957615486	8735.25880883193713089	162.21835464631743662
ENSG00000157388	12680.98486814315947413	1087.40048444686772200	5046.40042513782736933	5913.07825835843777895	841.88680036377559190	758.75521972741785248	7972.78761598685650824
ENSG00000157404	4268.78280170546076988	247.67913080191826225	328.70774034599838842	129.46203455848166186	249.08260924330812713	256.03437679490866685	116.83944454982331251
ENSG00000157470	1098.27256412388442186	730.50396681443282887	150.37150945204777486	2708.13479910367141201	822.18014077956274832	517.14760519612059397	464.82083250679943376
ENSG00000157782	1015.46918635260453811	1616.67531433808244401	733.50408993012626979	9631.57723468900258013	1410.91928517068913607	1375.23067697741475968	1539.22235875916635450
ENSG00000157890	432.45351264703771221	185.08496594040107652	14309.19907294840777467	287.17966491603027634	358.82809210430144731	113.81469920729291800	89.00734889127160443
ENSG00000158089	5159.06206324760023563	198.38183849635964862	187.61076987978913166	1174.00817043502570414	146.36132764924641947	279.46423255093964144	71.06577693267806239
ENSG00000158258	2282.68203742467676420	2308.13530212888053939	2110.18065163445271537	12325.33120865577620862	1292.89579489749576169	1569.86385724681872489	1202.94927596020784222
ENSG00000158270	78.57755026491264516	488.69018192827542180	92.63165416307157329	88.03962562741683939	2408.31749173198750213	21157.91557402878970606	2088.61902802885560959
ENSG00000158865	74.50271949604415056	10415.69384172865466098	177.94498608506512483	156.22970676942114210	266.50363766341803284	212.31008029055763586	440.55790485717437832
ENSG00000160963	635.76812899425408432	307.21392253687753282	102.56859467470009406	2524.35338494382040153	290.08494633704822263	881.85515114149029614	253.50168265714739846
ENSG00000162390	258.73378481534160755	548.79167985258379758	1169.95030866409115333	674.83465631401202245	11382.82529736142714683	405.01909002952533001	962.71636462653077615
ENSG00000162670	2215.56110708772757789	1371.08146228235750641	20210.46274293453461723	5672.36952243453197298	7134.52946923071340279	713.24037757064729703	1011.73256979734162542
ENSG00000162817	190.62346673333559011	385.52635547410341132	105.46181173666015241	1424.14715694753931530	304.28038226329181271	617.35899322550221768	303.59045413732116003
ENSG00000163219	29.46613324388880173	126.12225470583240394	64.78298432216064384	204.04977533429121195	81.28030450636155990	748.92141200585001570	12075.85646925000946794
ENSG00000163453	62.05886257060550548	529.24461477012800970	263.39882047482541338	204.91690181808684201	3737.05180586760661754	15919.72957408964248316	485.79005487224185345
ENSG00000163630	15821.90047123094882409	696.93337034553985632	371.71830889984096302	2389.46736903636656280	565.93739386829702198	490.30411409512913679	472.77268866327761998
ENSG00000164116	3738.40724616771967703	426.33410530590055032	186.70452535538689176	1170.82085274827500143	1285.66662680588319745	1968.46532812080636177	1590.24831067010359220
ENSG00000164124	207.40467464571182177	16364.60632879490367486	546.22563253401938255	566.99211055234104606	1831.94564485017599509	519.51510534341946368	1926.43097393634138825
ENSG00000164128	262.10415198501334544	186.36339974536770114	90.41575182859567406	1085.52107753693826453	95.64953164578804490	446.74047672903196826	275.59677290435416808
ENSG00000164161	481.03052733396373242	8439.55721825924592849	328.49559981217959148	691.41869223340461303	417.04282285802787555	316.65637799958506093	681.18485837998775878
ENSG00000164181	507.01673855948877190	1218.98590581426356039	274.76455473201417590	606.91396294825631230	204.53559474537868823	9287.22757358663693594	151.23882232440712414
ENSG00000164188	250.11920774178804550	443.85041628395600810	111.43178485736096661	179.96113749530903192	8004.28172735335192556	1039.25025225926560779	366.67188044740356645
ENSG00000164199	647.81501844230444931	2628.10471727215963256	742.59273023281230053	1130.12202826425141211	63674.34209311101585627	632.43431278823970842	3063.91853525777378309
ENSG00000164236	782.35111261278291295	371.16531872125023028	96.60768921215219507	2766.21101223700588889	619.32969715800550148	775.58107403067197083	368.90512213005433750
ENSG00000164309	241.13601246404590484	287.61421476006040621	4110.81339590785864857	657.94454648964335775	2711.49989121746239107	449.78116303443789548	447.49888659227298149
ENSG00000164330	626.78486648199589126	331.07031845175879425	318.96077799657712148	263.48709701779000625	191.31698519001324144	24084.39604812848847359	162.43538014297749328
ENSG00000164512	1704.65187562181040448	66.69136636300893883	390.29249624906316285	186.12732657435603301	93.68068872152842630	43.36980064298306559	265.36738673295110402
ENSG00000164794	82.42943543021215191	306.02592416825768851	66.13876807371595135	1406.34001833551565142	284.91191288595342712	354.22439151555482795	438.02239594146288937
ENSG00000164951	426.12181156074029786	807.40817332397932660	259.47275716177983895	2930.47453754026582828	830.56874505078451421	1132.57551045210584562	730.70600547752735565
ENSG00000165025	108.21241763710079908	67.38414827477649283	51.27510212680383717	23.94217417840110684	37.23114570591737760	118.53813961732576843	11405.92990195654419949
ENSG00000165061	12304.67605504753555579	604.79744488986875695	348.83462567287102729	5133.38031525767382846	591.84721504613139587	515.66632277865426204	608.77667550943124297
ENSG00000165966	1179.49906447456214664	1401.65794183587172483	11043.00908167347915878	5306.59358408270236396	827.22489009995729248	1124.39845577592973314	527.03734068847575145
ENSG00000166105	265.19652318191378981	112.11312731075648230	206.66143601663989671	788.13855897521489169	90.38652672491934936	133.84104514755091486	111.30106058073499753
ENSG00000166710	310.30160046241041982	1345.17131520330417516	787.23024416868963726	606.51989265743475244	976.42438369442413659	14170.90504470225278055	3084.34701267709579042
ENSG00000166839	553.49982862843080511	610.21077951681957074	909.15583852343263516	1031.51582449331613134	9890.85760428691719426	540.61034400666801503	1153.56216310064633035
ENSG00000167123	180.56841389422802990	10215.07734996919134574	509.39038807996126934	376.68303577060959242	498.84362512008073054	318.24505743192122509	557.81677926158647551
ENSG00000167619	833.83341886123002951	155.86319720352659601	209.63244073765895337	380.81968753003508255	433.52308374851435246	94.81538737755251134	100.91578636237166222
ENSG00000167889	651.23142032843031757	259.15917357054297554	150.11685872989252744	1824.53968578876401807	1077.08140476939183827	168.62761392050589393	229.61583855604391147
ENSG00000168016	2183.64587483537661683	265.19860004042601531	694.30244444402705994	1413.18005611906755803	343.20587976092707549	836.16631472446772477	2996.88258783092078374
ENSG00000168032	1219.85655601718463004	166.14887626416819444	134.06746881521212345	427.33484744545199874	212.81010067099325056	170.65186001368127222	66.90828272464034399
ENSG00000168314	153.08909434093837376	22491.07913119010845548	572.55384632545815293	824.28514557163885002	1135.85263416837210571	1041.30662879394890297	1676.08597604358601529
ENSG00000168329	13.74435882867777714	134.20207512605347233	39.56024329216305802	25.63349925933653140	91.57577977116982026	114.45251887945660485	14163.95003524324602040
ENSG00000168490	539.77877188049978940	1309.29170996318293874	324.19169810433038492	3901.59818653664433441	1225.43669558205579051	1028.63795721538076577	1265.54619062174924693
ENSG00000168546	316.95293930114394243	264.45538067126466331	52.96676770215700714	1375.98432913310261938	215.28963271791545253	240.64497254066904475	238.32473649953021777
ENSG00000168843	7283.11643736451060249	888.40493474646950744	486.30342141813503076	3381.98835222323987182	2044.49682735960095670	656.72336032281793905	1005.94907487261480128
ENSG00000169064	241.19704562013694726	228.88809565579171590	124.72232579322150059	1768.16271417002599264	203.54611196653169713	179.23387687494673060	192.54611478128268232
ENSG00000169302	101.19360530112436436	85.76055412377273512	5560.63798677304293960	79.92754455684398351	555.72225364803909997	51.57030923224432684	43.98097742884325356
ENSG00000169313	66.68023635712700070	193.50028383856269443	185.02172037842811392	281.70141961078138593	390.91440470706947963	116.80977731497382877	16806.06173521650634939
ENSG00000169330	1000.26944758469733188	62.78153998547995229	155.39766225513110953	104.42356761816455446	34.73753446713271842	13.51518834084001419	41.16627973471577917
ENSG00000169432	1212.77965458972994384	163.03867626613759967	3742.39479439247861592	654.53587666888995500	83.93380362894210123	187.61685633054128175	561.11616383004627551
ENSG00000169507	48.23888898129037983	209.55155120961950388	45.94318043943806629	1113.92542315155014876	148.18912085250318000	10281.68955732028189232	125.32224507803529434
ENSG00000169783	853.86960789555769225	939.48814107567750398	1292.60821082813731664	3565.60071807266285759	699.44669637586616773	808.74361585022415966	762.95399543898440697
ENSG00000169855	28345.80930273268677411	8486.53869109309562191	7218.25827943022159161	7717.41226109879789874	2806.73194741770612382	2820.34591956102804033	1223.41578818941115969
ENSG00000170074	489.15264562462823505	149.30608299578085507	109.15071360505395148	1197.15150296741308011	330.42625537596813956	128.60911427710229304	123.73335458491082761
ENSG00000170677	397.18466863502987962	616.43727532092395904	468.87029305184285022	449.51897797740662099	457.48710411949889476	499.05459373183640537	12435.21970647970556456
ENSG00000171246	237.56319942515813182	1249.80170006211233158	230.09339127483212906	4026.75245344470386044	764.94808829577084452	792.60771357081068800	1102.38856429839347584
ENSG00000171509	177.12806941372164715	488.81819137280876930	80.88607058310893194	2674.90057622474660093	348.63417938055880541	287.13715326029455355	326.17124398592949319
ENSG00000171617	1236.71177033741855666	3083.15968450192303862	941.40602352427526966	12446.96086022289819084	2702.06144052853687754	2705.68184504318332984	3015.31369239380683211
ENSG00000171885	94.63483425825084794	2415.59740582052654645	245.30522718681569927	785.99112973342937494	10626.75044823709686170	859.17126065183117589	820.71156946986388903
ENSG00000171992	243.20173245226163772	481.99992369005167347	105.72250947340516802	1490.54645090924623219	404.33979232428441719	652.97646076820956296	545.49127306635364221
ENSG00000172031	399.68232281393147787	200.31571329794218173	101.81964854523792496	1063.51227523118268437	251.35540058931584895	257.62264175056060367	192.72759113912425732
ENSG00000172572	4499.31796301711892738	244.13336063476342019	1223.88436824751829590	235.45005516702545378	2701.02310660083685434	4710.77797032682701683	263.08628199738490139
ENSG00000172575	381.19157928867474538	518.04836292202264758	118.48711404896302213	1843.82958638748141311	481.10513303079920888	640.62763896398598717	377.00608648820980306
ENSG00000172987	898.37272836768920570	840.85404202271752183	321.62544224799142967	321.71251833107487528	26570.09888599907571916	249.79528158945632299	1405.43817116970262759
ENSG00000173638	189.57292982283954075	156.81655277775018931	129.59639578162042994	178.64791117794206343	505.74166458936844037	9511.36625342624211044	729.48440205746749143
ENSG00000173706	244.46185233057298092	889.77096330990593742	403.43452653839642608	85.28770199813249064	1360.74622216774923800	6488.91815096413301944	1097.77410112115353513
ENSG00000173786	304.82990831122833697	10198.31586522377074289	1061.02256950646915357	909.72186070712211858	955.11695774719885321	927.28331818116930663	1147.83126471229093113
ENSG00000174145	831.49078751335923698	398.95337871912698802	275.10484036184027445	3466.17722508726137676	249.52977999923592733	230.83919448994475943	265.21894492726914905
ENSG00000174473	69216.59951832883234601	1329.20364157273274941	3034.34991912708210293	7867.29971000888053823	1160.51415528136203648	940.31620227195526240	1230.48454852975328322
ENSG00000174514	230.07594947525882390	472.13281042452996417	111.00211024152847017	1555.94764071422287088	419.77375806607079767	342.30244670996739842	393.24073264855320531
ENSG00000174945	394.49627692854659244	695.90218393106647454	4382.13395365063115605	406.98778899104530637	1206.53665080048494929	687.38350241388093309	688.92940442800920664
ENSG00000175175	7044.59417481537911954	1045.28381744799071384	2248.21785424993913693	4057.05924164418502187	1544.41217563490431530	1278.61029114271923390	629.40905011171980732
ENSG00000175352	1726.91910090406349809	340.30757870605361859	163.38592148784707092	842.65509634729573918	253.99276814237578037	360.39289012640864485	264.14713207550073548
ENSG00000175426	156.68463199894182480	498.33733179238760158	137.70093735086462061	1652.46252417733444418	516.52790814050740664	425.65284008059484222	632.76119042524339875
ENSG00000175874	1423.79578750650398433	2505.94916172904004270	612.06589000488804686	8060.30349404010667058	1916.67763732547405198	1659.45166112692709248	1975.12066039167098097
ENSG00000175928	803.75492952612444242	300.95844085417280667	6408.42440631180306809	1124.21514968805990975	1672.34638307689215253	187.85598642755658716	298.41963352664708964
ENSG00000176490	561.29582376582652614	561.80287059406794015	124.72414364490909122	1830.09277032966110710	528.84426918009012297	476.50168345758152100	554.97585999941975388
ENSG00000176641	487.31122885724977323	435.65603653563164244	237.57856330084607066	321.37092922481559754	155.75905331776309026	8781.64507418158609653	95.73508168639978066
ENSG00000176769	583.37931853889676859	218.02686617206944675	45.64466417028068435	2187.46896584927208096	123.27519478572396849	228.82923914130475396	176.38703978520177884
ENSG00000176928	40.78877750726146445	153.64179767480715100	166.48541610059601226	1065.48990860395588243	391.76740098023208247	361.80372072977968401	206.81664610889063738
ENSG00000177679	6566.94428699212130596	558.14868418555693097	675.15683252142503079	4051.07501359012121611	464.39581103961825193	402.07770262595323629	296.00190084900634702
ENSG00000178573	1026.14003689500646033	328.08902461391448924	454.17252841373408501	138.46656727201954595	601.49030251659030455	1000.19517594047874809	11322.18791548335320840
ENSG00000179314	233.87015745138251077	462.66417585759444364	2887.08490782592207324	86.15730509120491831	446.59019328629540269	155.36259124551187938	83.97572549426242006
ENSG00000180155	500.92902698778539161	768.51499726725842265	205.73170350232621217	2367.85745217431758647	848.07663814474551600	704.75116403333868220	729.63834907829925669
ENSG00000180875	2347.53821083331513364	121.38034086739064321	124.97580415259817244	575.04285403185997438	171.91039484689466121	453.36261790506176794	147.34463706658212345
ENSG00000181072	11759.55090264773389208	207.00364692110156284	324.67020629224992945	1291.08484127611723125	185.56744149997763316	168.14818388981504427	101.86513092115225732
ENSG00000181215	521.56344218494189136	230.73907441357002313	47.95041351049693645	1447.23379829731675272	322.78442080675893067	187.53146893518078286	153.81072436870391584
ENSG00000181234	2750.50360415630620992	1946.41919083570974180	12078.83552563545890735	1042.30129040550104946	2262.37402993961813991	6611.32559563628092292	305.03896258006886910
ENSG00000182175	70.82414921973652611	384.31505807812482090	339.36296407919110152	460.11044957822201695	6152.29085018018031406	287.03966644237641503	261.62790525604754066
ENSG00000182348	2668.33517360753739922	1142.16601722145674103	1012.72261113233560081	6719.99487408177265024	1259.25314191089023552	993.29419716088204950	527.54340324478960156
ENSG00000182578	14.06396522214510902	116.23986797473403954	96.76813086636532546	46.99156752734732123	110.42274890223573891	574.33525369154710916	14138.20243845138429606
ENSG00000182674	3077.25919166273524752	857.30595713618436093	446.77990530188498042	7733.63776987198889401	496.40383314014076177	558.90951777538452916	476.11112229156674402
ENSG00000182836	2933.05487671705759567	305.27163749501761458	120.96695263414615340	963.78013007584570460	395.50731883536593614	288.05425153220176071	2226.00254851013005464
ENSG00000182870	437.76733945662351744	310.52394549152779746	93.76651530180308214	1563.07527906607811019	474.54197140393597465	223.70441672913813136	414.08257333976212067
ENSG00000182902	46.87666747783356413	675.58147791437454543	414.60290026257359841	229.53407670164423848	10091.21395842464517045	196.27322277905000192	621.32762249401969257
ENSG00000183166	7244.75068306154389575	1457.08037536909955634	1570.10854922441239978	3181.54644770321374381	3335.37954763797233682	494.92487785755810137	553.98923355516387801
ENSG00000183230	2623.75994093266626805	61677.80489464009588119	3552.83828667713896721	4429.85405686630201672	1795.19230267058674144	3626.68983207014207437	5277.80710195699157339
ENSG00000183570	6082.29125539465985639	702.60365941608722551	361.69727500012646715	648.90170963660546022	631.04583257919387052	4453.89654940054879262	1340.42267374650305101
ENSG00000183579	719.24785600637346761	1154.79745353110797623	1240.31061254759697476	1189.43912063441734972	22270.12092274754104437	2331.21120852004787594	1770.26370806700128924
ENSG00000183654	1468.05644271603500783	137.84783930641697225	86.16227630770994494	855.78565532832124063	101.99783747131729683	111.35199666030226240	103.34275538020052920
ENSG00000184113	14.17860684559090245	180.64685636029898319	34.00614638613742358	131.74339867204432153	150.17793032878091708	7608.35154894604147557	158.59868531481660625
ENSG00000184144	275.05598532554688518	6345.02343671351991361	359.20310531410757449	677.81431786256837313	426.51666770269645212	236.28907918013916856	476.14528335761048083
ENSG00000184221	47.83876001249144139	1383.56632031089361590	2804.33835277379012041	176.28809000459247613	321.65667478152596459	162.90717539967369021	129.67750116183279374
ENSG00000184347	560.30457558338309809	595.80976182690233145	103.56211147650444104	3740.71077991019274123	269.49152106150864938	2922.97196887044538016	364.01162792308196003
ENSG00000184611	4771.42732232035268680	1651.10680239476710085	818.07656209659319302	11369.74955287549346394	947.07581604900758521	1260.41341300021008465	1282.12914506925608293
ENSG00000184613	2088.33700740847734778	2415.86466182731055596	1513.72367697270146891	13272.48145192404081172	2433.04623469081343501	1812.86825255756934894	2082.49934309243735697
ENSG00000184999	147.86376544167498537	311.62633788938978796	80.84651446447294632	3117.99494123602653417	177.03495679129824225	401.71125049555564601	264.27021595291216727
ENSG00000185008	100534.52831658659852110	8301.53815105816647701	3093.38451421684658271	42810.55894782504765317	5814.50945407722156233	4337.95170435501768225	6581.83452258364013687
ENSG00000185518	809.71401687395757563	2448.21213882079700852	389.58606791211190057	11433.63836455941782333	1388.72651471437529835	1359.57514710996997565	1461.40475963950348159
ENSG00000187068	621.38352041486371036	291.77807953443152655	2785.28249024879733042	644.45594305839119897	1638.51425552427690491	480.51315549220669254	913.85313614441133723
ENSG00000187122	980.55179018550961700	567.91591164736007613	670.17159457017760360	3395.98721100794455197	576.66733938019876859	326.10087849983278829	555.55650993763299539
ENSG00000187123	2123.50301489198318450	91.40286031877161577	242.26185997245056569	102.02280491086521863	1540.96122375103050217	87.87358158777091433	99.89979328215592602
ENSG00000187147	733.14622360248574751	45004.49712119794276077	1269.28485481676852942	1839.21159216995101815	4453.50983094252205774	7235.27973407778063120	2428.44053523232605585
ENSG00000187323	5492.75313288610777818	2526.90182441047909379	25202.08035540716809919	12512.41165986012310896	1168.15481988015358183	1022.25542771315008395	1013.75671800776694909
ENSG00000187398	5323.53370881922273838	815.12027431053195414	32501.74726145755266771	2221.77850375742900724	3926.14240742045103616	560.77437585366067196	469.95643586166357863
ENSG00000187416	3164.03991058248902846	1251.14992763433610889	80953.17292210711457301	1130.31164678067057139	381.69578719134761968	533.55419250944714804	312.36797517351209308
ENSG00000188153	47.74144263708669200	7678.38273536823362519	208.96340377679851485	162.03890448883669251	1990.95718928732321729	1334.84674649858175144	497.45725194864496643
ENSG00000188158	5076.09746819940846763	314.35563217303752026	417.54693242515804741	778.79148436489879259	1341.87768310175329134	3846.51009115036958974	339.14004010709106751
ENSG00000188906	892.68405503758424402	425.13942067209688958	4538.48220704047889740	1536.23123923188040862	805.91725785024800643	1559.21336350825436057	2975.07321443847285991
ENSG00000189056	6084.60248965338996641	365.35662802227761858	280.29566973114788198	245.67526610283530886	196.31789909874609634	238.61637398796602838	224.52180292737119771
ENSG00000196132	457.49298922486076435	77.70885840508643128	5093.20438272050250816	140.99241378273504210	29.11424905466399338	41.73616538405285326	37.85210787656723141
ENSG00000196187	44.09952266819099265	5350.96997721186198760	256.12551171365254277	121.30224605362268164	1354.26005882723143259	953.97649655694260673	1341.78054311754476657
ENSG00000196562	388.09049635958797353	162.02302901920714362	6243.40521012009503465	425.09521589686363541	158.86737983060976376	1262.02625015099420125	200.18612500794355924
ENSG00000196569	246.75994647152782591	4139.43278459185603424	238.25770775614412855	3505.33790094214191413	714.70024888945818020	33359.50652083466411568	512.79686515662717738
ENSG00000196872	445.19375269725475164	837.58598380489900137	350.86411901973320937	5551.28442163907948270	594.33884527399084163	963.52426169761679375	1721.14681355629113568
ENSG00000197360	103.25846243977197503	858.51504465647963116	626.32702926073227445	353.34912119245620943	17977.07644873443496181	147.95251524327505876	1398.90329477725617835
ENSG00000197430	29.80631221233618433	5064.42376140725446021	114.07801431216623200	209.46266222005618829	216.07547488591069396	205.87000462578546944	345.52699230709760059
ENSG00000197584	9292.17442259744530020	900.07809741814764948	34946.47912677344720578	3929.05079538648033122	1514.67889720190100888	623.00162338673771956	955.32089979309012051
ENSG00000198732	330.41155627758024593	1128.74030717413575076	9165.95426469092672050	96.82738815860250270	592.31531343746348739	98.50970872395386380	145.36116793601831887
ENSG00000198785	4370.36800393617431837	168.35228912994992356	131.08103875625710089	699.65343758931248885	206.14218934934373806	159.25187282976662573	152.74991793345017754
ENSG00000203727	5494.29945445222347189	230.48279234488373390	203.67870187012803740	909.69632004203708675	294.14484659382287646	579.45334946222453709	109.86540794826524348
ENSG00000203805	306.54736715777119116	300.15685887064881854	3647.34568952110248574	67.69514106930293451	406.54743819730197174	40.14463602644924123	28.58128931785374860
ENSG00000204592	19.13296953287477109	351.55128696242195474	64.94068839502156720	134.68346549289177005	783.48166273780657320	7596.70975269762402604	2441.21259865049159998
ENSG00000204655	50.86727177702213964	7368.21145576679646183	291.93419165167455276	217.46985128931720510	228.80565584305216476	191.10670334372142065	369.13837044112955255
ENSG00000206052	11120.96196480677281215	1224.52908440145984059	3457.21686885837425507	4761.45124440574727487	713.56350929825009644	1663.77388527562266063	865.94644043657353905
ENSG00000206190	138.97628892515527355	385.18159067473402501	64.60414743161690865	275.00641389796959402	110.05295427189544455	26236.92368905352122965	261.43748070780577564
ENSG00000213949	162.94169488203749552	160.43373629528835522	41.61589547893330376	101.09218492580234283	118.82998814976669166	6433.19790835045296262	93.30426729015195519
ENSG00000215218	731.01649309381298281	556.76500574299836899	438.50906553457195969	2245.66447691482471782	584.56395646409953315	461.72432680253302806	540.87580260785773589
ENSG00000216863	105.27886093374816312	439.02705877636140031	55.38219101595945659	3697.39149354959454286	258.77500078934662042	360.32163510494928005	1125.88627362358829487
ENSG00000218336	11156.01298560049326625	1636.61328957452724353	435.99842262797426429	4116.86733943259423540	1556.50942116351347977	795.12798618075726154	962.24058180427459774
ENSG00000221946	408.07546478488205821	754.85313089122644215	204.98398742551137275	2655.77312376514055359	851.83984582912751193	617.59140557773423552	812.44249324726354189
ENSG00000223812	91.44152228485961587	223.71976541248298531	182.60355451457590448	2583.21670974013568411	193.21765881291477740	195.74879668721035841	348.54162377335683232
ENSG00000224271	199.06248427548896984	836.65282392422363955	192.25819609008325983	8491.01850188798925956	523.17147404378886222	544.96663251087773006	423.98433990138863692
ENSG00000224819	46.32280324826252382	161.05822001206956884	42.93009999306580937	1424.37037447887291819	64.38432117849349368	115.52152394293968030	107.21091455671032122
ENSG00000225206	1349.96017637633462982	858.46482396331157361	912.44592858013697878	4537.84763502779787814	365.49090010423606145	411.01532727862280581	530.04202933798922004
ENSG00000226476	79.68253131371383802	395.18924328766735243	598.57088313931865287	556.57091760497519317	7605.03909943519010994	130.12336359166226885	354.90691279276535397
ENSG00000227088	92.63635772700197890	13988.94568766712836805	489.00199566325431988	278.63826016408324904	249.28450048110067883	187.91651963383000634	606.56686589519551944
ENSG00000227115	487.95188545805291369	5735.58409939361172292	220.84895471773197073	135.12535126398810803	174.71982390586319411	103.24396297713219894	362.98270085090121029
ENSG00000227220	531.53395000571629225	514.38454013526040853	3671.19580160299710769	449.58452806438077687	444.74412450926558904	1450.51883688814541529	299.20502305661733544
ENSG00000228566	649.74264429568904688	1242.54327924334143063	1202.56579537022707882	9967.57679826847379445	937.97729898900479384	838.70120318583269636	799.69099342592949142
ENSG00000228624	878.37448679150236330	6802.98672124956647167	1072.23132828547795725	1045.75056465981742804	1642.64714296093234225	330.44841431068482507	1570.99542302226495849
ENSG00000229618	557.49709627592937977	1064.63537540100924161	590.30722618248830713	8928.06924725570024748	947.15463595769642779	1172.66330960373306880	859.41479470465696977
ENSG00000231871	567.09325115618958080	748.69796870774200670	3453.44336523716265219	542.74924786939766364	1112.53607872269230938	548.83093278862202169	427.88486345430970914
ENSG00000233928	931.31028127985280207	501.65559198742272429	105.29834782032713747	3572.10876388592805597	291.58117208254395791	615.77988997980730801	411.73520109969177838
ENSG00000234377	121.31928185212240123	1442.54630310495963386	489.21005444899833492	620.42310016074372925	40319.07310851047077449	292.41148130506053349	1359.61641134905107720
ENSG00000234423	1122.74796014147364076	582.29404114293913608	217.16342244748534540	5747.34031089569361939	400.39574724403138362	419.28658036623215821	336.49974352849881143
ENSG00000236197	377.17315441159928469	965.91307116156292523	823.83574149324726932	710.09825191972890934	18496.36755093637475511	248.76543278023837047	752.94655281295536042
ENSG00000236404	2382.41418957832229353	1670.92153699021173452	993.75818913611681182	1378.52830026389437990	205.00140579239615590	192.89926149273057376	335.70189429673666837
ENSG00000236451	128.82938634589655180	407.68792528560828714	114.56211749565274260	4131.24047072836219741	240.38062932540387351	236.57137753649922729	339.46589248605380362
ENSG00000236790	252.19271924708931465	937.82978230991864166	667.10879679696313360	1090.30215701258111949	25572.78796330413024407	357.87627546570422510	1370.55409921715067867
ENSG00000236963	42.98476663734150094	58.43953604839620652	40.94208895435578910	101.48371306310262696	70.04780216899413858	60.29766988432496078	7937.76307892850581993
ENSG00000237720	248.21691982140066557	237.20884186367624125	76.20082943335677328	2281.28217754650677307	151.01922414236338454	214.96880143298750454	82.41198280210555538
ENSG00000239498	154.16650225400806562	553.88980761443895062	79.81304143243545468	5681.10598929126263101	338.44948357336704703	445.07868108406245256	379.73877261189778665
ENSG00000241684	3236.19346978707062590	365.88467480549991251	1704.59048613014192597	862.54541652449677258	2347.98561548153247713	12388.14637222428427776	307.28342829798731373
ENSG00000244128	2913.83158630906655162	451.97334393969873645	6655.98721186670627503	1831.32101079610902161	317.78206948667457254	272.52663112794817835	357.03586458373825963
ENSG00000244694	6359.27596663100757723	387.12923672235871209	117.36755237234127947	1876.91424772689970268	252.89941683130015804	685.35055524355800571	2307.66628210483850125
ENSG00000248455	64.81206484986797989	281.50511451745620661	30.72234917175221725	1817.55807260952815341	201.00818214987702959	175.65788189536598907	232.54867523854449018
ENSG00000249669	11.50337674877319039	82.66631956674996218	25.66163631634534426	33.56189843102749393	24.15539170383137346	7372.38992157669235894	74.26217097158929903
ENSG00000253554	5662.55138325449661352	322.23951595855123742	190.74672719403588417	2431.48779559156082541	1069.69472350265391469	273.67962766806692798	177.13642043424115968
ENSG00000253877	55.83695628168796787	12621.53597965787594148	261.09132676156468733	173.80363616054279419	223.79694427949669944	188.31236522807631673	518.62434169980963361
ENSG00000254087	50.21408366206368612	111.18721959529428034	213.65371446771217734	47.24837682792767879	1273.46483107907397425	918.68525620602940762	12832.10061517578833445
ENSG00000255595	1506.04838157575773039	387.73861998683599950	131.12292684376606644	3501.98646317724342225	217.53414518610750861	267.09343895056684914	208.51528879558770768
ENSG00000256287	1557.67618135547218117	131.84226751048893789	81.51947066838063449	895.35553576333199999	61.48406885604597250	244.71770827531935311	60.71799378617489396
ENSG00000259048	150.98954909349086506	1802.35368360515212771	4816.83964428325271001	580.84719534149655829	80.61466296756539407	70.08194759065310109	111.85600438240011556
ENSG00000259905	8078.62283890011894982	3854.43523068408603649	414.15212673471785365	1770.78046525231138730	253.35535350408403588	290.06794440318043371	285.38033056239356711
ENSG00000265972	24.81157219187739216	1060.92577229001517480	703.57181950947938276	90.07969919227562627	569.88788880528488789	5084.09742756857758650	1592.66895323210633251
ENSG00000273032	1451.59466442043344614	687.64301574891374003	216.40394809733015791	4510.71167842186878261	912.21870371529666954	572.14724991988998681	516.59206318361623289
ENSG00000273409	9.50260047092371529	66.50435621587075730	40.25078004280549493	26.03376757281884935	52.59025602146589762	49.19531744788764627	11021.93316354493254039
ENSG00000275832	449.87396009386196738	4246.75632773627694405	636.69245550410164469	511.71987313180324008	1682.25119325024706995	811.76785131042720423	476.71285658326246448
ENSG00000283154	8354.69810800773666415	6068.45064214386729873	1760.03106231802621551	28790.51630299729004037	2513.65671353658808584	3592.29633379521237657	2336.14887142791349106
ENSG00000285051	495.11108018874386971	12942.29182588087678596	384.49875830593293813	508.22339833894898220	775.18222672384410998	2120.15338160044029792	534.93327268320047096
ENSG00000285939	374.88845734309774116	660.43120999746156485	136.04284135936549660	5330.94652056291852205	449.14581747929685207	426.43758220466071407	424.97399612427778948
ENSG00000286288	238.60701686335846716	555.66178083184024672	144.56816368072767887	843.03139450317473802	9467.69871616304953932	156.38904023717421410	985.98311626113206785
ENSG00000286749	523.52242348008678618	13868.74290616158214107	345.36350473369708425	255.41261682601600569	240.43384509801902027	349.89582820145852793	586.38651600815103393
ENSG00000287151	929.24417384292598854	298.25468650177049312	3135.65207525903269925	791.96531816670619719	232.21317603786539507	957.88803289492193471	554.05941332609120309
ENSG00000287720	760.50555736435489962	263.45399633913035586	2977.81230281452690178	975.95046714648447050	1242.40619595976909295	277.22626631341239545	423.50712690038596975
