GeneSymbol	Inhib	Oligo	OPC	Excit	Astro	EndoMural	Micro
ENSG00000004660	1317.49985341054320998	363.27340993109231704	709.07827961403654626	3925.63541239002370276	1020.35754386510598124	826.09643829957633443	1008.19900767675540010
ENSG00000005020	549.46429047002141033	6.63337879886496662	232.26768187207912320	1238.02091033703140965	216.81283956025572479	535.12179170546232854	3868.04221116266808167
ENSG00000005893	0.00000000000000000	424.15192953446495494	19713.07773133096998208	934.22444746387486703	500.87018969337640328	0.00000000000000000	3787.97539041829440976
ENSG00000006116	1843.60342328280034963	117.88686348379251001	531.17154420818417293	4263.25533214288680028	349.56896466878760066	286.53506130735354418	335.03803270062286401
ENSG00000006283	1850.79079305565778668	493.90250775987817633	72.42963637563440216	662.21087400790941047	9.11070996681242029	11.40186872955335140	47.73867534832584880
ENSG00000006468	6.56214157140527909	2427.68540152152581868	48.91266234215680697	1062.25388335868387912	556.11403086072868973	287.48396247384749813	0.00000000000000000
ENSG00000007402	1363.04990472821191361	217.70154949220497542	82.59988723438964087	332.56851440016430388	182.05419203813150375	135.45656172332488154	59.09256784074745639
ENSG00000008256	1769.19515065755672367	83.28750891797615452	0.00000000000000000	1393.21921403403393924	160.74633692364099602	6202.86631270286579820	1306.36172012520955832
ENSG00000008853	997.25103694271388122	570.83430240775521725	559.12584080827286925	3498.76623688226254671	1367.58973889281969605	1160.73994104120697557	641.14195298010781698
ENSG00000011083	365.33856389323290159	164.01303705316391301	305.57610951845214231	1901.75457362180986820	281.19291401584240475	266.59300654936220099	211.64353620219952745
ENSG00000011426	0.00000000000000000	0.00000000000000000	11190.62432697388976521	102.37033431559423491	0.00000000000000000	0.00000000000000000	1214.77272519356961311
ENSG00000011465	570.63329528333463259	116.34217045918231292	163.89626117458968224	166.59994678359547038	175.56256762572550656	4670.91682986899104435	77.08166103743656095
ENSG00000012124	57.27667608704895486	104.30321227096101211	2536.29949852901063423	80.56347800764309852	98.91368969293695557	80.41300175036347753	57.13599900108712859
ENSG00000013297	109.67773680492241795	138.67629896218298313	6409.21256894094949530	257.17865069073383211	274.28068592989666286	596.10883740959695842	379.75496136369793021
ENSG00000013619	248.75875457603578411	1271.11232943139543750	56.49382218565535396	382.82415131937887054	492.02353458433071864	157.16241629128307977	0.00000000000000000
ENSG00000017427	1535.28737386027614775	65.58065984701678985	57.01511623543776608	78.07579685581200124	51.69035668978951747	34.54394957158673662	442.74131791304375838
ENSG00000018408	80.72306726335358462	75.88339697310038900	177.91523706633302027	114.90584561638726768	739.09159307451864152	4207.28017432869637560	61.50888289460792180
ENSG00000019582	101.92441439720532514	155.34129159794278507	434.80295920265183440	298.76242021178222785	286.61906668253629960	1036.37475408708951363	9469.57846463381065405
ENSG00000026025	144.83099821075288105	197.62758975044729937	689.47005885397913971	453.11926948409080751	1894.18723742774113816	8390.17270866423677944	557.74285322938078480
ENSG00000026297	848.82918117116287249	203.32500784416683359	124.61820979564048173	340.31098709728024687	238.75475253767106665	169.24772813090257273	4486.33790934096668934
ENSG00000027075	112.40313348708198760	84.43041610358017124	100.71595454045890961	114.87175651583528690	73.38249528124123344	3064.00430018046108671	884.83082899275166255
ENSG00000027697	526.13547931563209659	261.15861149234143568	340.93573131527188025	377.41525489463083431	217.99716536511095910	1160.15869531276143789	4569.58555790979698941
ENSG00000028116	0.00000000000000000	177.63963872451901693	2800.68595423226815910	0.00000000000000000	0.00000000000000000	499.14153575677971730	857.55951873192498169
ENSG00000029153	333.56872165546519682	122.59886782154823948	103.42805515898754720	1223.31980705547334765	57.66840002721617253	207.37985443726810786	75.11211588926876459
ENSG00000029534	3754.87192019255826381	282.41127438142655137	167.18478143876495778	505.86449326970972606	210.98308463280315550	175.09905378923221519	120.82629724052702613
ENSG00000033867	2082.85511653954108624	0.00000000000000000	0.00000000000000000	0.00000000000000000	0.00000000000000000	0.00000000000000000	19585.53393191087161540
ENSG00000038427	209.30427051792850079	12312.77764950742312067	234.87985196625842832	142.78234413531575342	1357.29911504926735688	145.52545136841385442	169.92704093849511082
ENSG00000042980	101.08393077450831754	28.26178643677389246	13.54592734786668551	55.86326752574629495	25.36798063035702810	42.17981081563266343	3989.24192239360854728
ENSG00000053108	1002.28294180175214478	425.24612771398477662	457.34809325485986164	3802.18206365881178499	401.52160160001949407	481.56713865890077386	205.80175441056064756
ENSG00000054277	364.16028210967164114	206.35352488685072103	286.18583981052756826	1262.06184668406558558	278.39590697651061646	273.95963559642018481	286.66029971434591062
ENSG00000054654	113.29770281235904861	333.24855868612104359	217.00223388965252980	145.08109255696712125	233.19041954914507642	10854.65285875926201697	102.42908012717727217
ENSG00000054690	972.80280433182770139	1313.14217919118505051	18254.44899976329179481	350.72936661853628948	0.00000000000000000	0.00000000000000000	1419.27068257857717981
ENSG00000056487	209.53435445375541235	364.23030607176065132	113.06496680050915415	48.61570680973827052	1281.80790918901993791	77.39408681499935483	43.33878973242341459
ENSG00000059377	85.01122065965502372	84.48948825247887839	5.35549847490529540	57.09029471989912707	81.10151063637258062	95.36471133447845716	2562.64141957559695584
ENSG00000060718	604.97536250167354410	3673.28482246129397026	0.00000000000000000	524.35988831137206034	193.49861486145516665	45.90431849349738513	0.00000000000000000
ENSG00000061938	1523.56346587652342350	7686.96143307819420443	568.23416805102772287	1470.05524792395226541	1439.89541500683776576	236.58082627895481664	873.52574141259060525
ENSG00000063015	2380.80222415389016533	361.20368622535693248	188.96698486958712238	726.08064813203577614	308.62623143650642987	104.02595976810654577	155.71532335671514602
ENSG00000064655	160.61063909590060916	446.06161339609070637	75.50181571038154971	36.16511473419367917	1430.69947107761959160	101.89333966951545563	180.18664100136047068
ENSG00000064989	0.00000000000000000	1705.18287368742994659	38.29117622357691175	136.03112793381953338	60.19506345290913174	487.73197873810426017	0.00000000000000000
ENSG00000065320	118.03873761819841093	1284.25222323199773200	18.36883329463734782	94.13222915924239942	184.88908819697294916	365.92830044210808182	70.89015051680431156
ENSG00000065413	360.65300383953729124	1387.27657598399264316	1278.11007809871102836	0.00000000000000000	348.71631076879998545	1142.33340996645642917	11013.24234198844169441
ENSG00000065809	180.72396212342749777	320.91800073862941645	7903.15156561742969643	129.41114762401858229	160.56723050402212039	1385.53504314134011111	892.74354764038901067
ENSG00000066248	1564.08721510870782367	686.89157594189805423	1638.52690029792847781	7079.15697884267501649	1363.40864587360988480	1190.80311859074618042	1135.06960286054095377
ENSG00000068078	34.79967099639265626	838.01820643541009304	534.49310260004472184	423.15959777822712340	10731.56210967753031582	235.25062999666326391	445.68501663851833428
ENSG00000068305	1642.70926476608747180	434.68593083099318619	1629.01272748004066671	4126.42094257402823132	0.00000000000000000	4713.71397129626257083	30019.02773616063132067
ENSG00000069122	78.49002320162115609	73.73315997946610878	247.22888927940533677	463.66698155026227823	124.28169092368186455	5426.53843046970541764	35.89305377808167208
ENSG00000070087	1892.85057593660167186	1104.56478909551242396	2312.72048520015778195	6627.28471140397505224	1798.25370603313899664	1944.33972185986044678	1532.07461163318953368
ENSG00000070214	0.00000000000000000	2997.68365808005728468	31701.56716571819197270	2783.42611259336490548	0.00000000000000000	0.00000000000000000	2909.77044280524387432
ENSG00000070808	6290.48752693968890526	2538.95787731012069344	6679.95565565473316383	31014.35240055141548510	5233.82578771934004180	5725.57156708868751593	3788.26965565146838344
ENSG00000071073	1114.49920822863418834	0.00000000000000000	306.37223856914135922	1379.26590277407535723	0.00000000000000000	790.61161092290637953	15287.21444605049146048
ENSG00000072134	1693.80931007055437476	10667.86041899336669303	2919.28833802743520209	1694.25216714994576250	2068.62970853168189933	2321.75527757392637795	1577.75485738673978631
ENSG00000072315	2670.75127864949718060	18.85845583366085165	203.37152435904314984	660.06428402580297643	0.00000000000000000	0.00000000000000000	60.23401581734351851
ENSG00000072657	1379.14391367519328924	237.58368952423100495	0.00000000000000000	3575.50642096709998441	0.00000000000000000	0.00000000000000000	0.00000000000000000
ENSG00000072952	89.10965997673748973	173.14801754866422812	322.08217967490350020	182.50813032512158429	5044.37147433562586230	749.41931184714792380	261.46671480985787639
ENSG00000073060	843.30439378463802313	362.05881583792938727	652.83310549802888545	777.67324581733453215	687.41117811851370334	5103.99926430819505185	1558.37836303474205124
ENSG00000073849	423.19879033599448803	1444.57365018313794280	399.80222288871328828	834.32858763280387393	450.33035290228724534	4349.36946447619720857	12576.23332966790439968
ENSG00000074181	99.40251912750584040	142.58780525207569667	173.80763356625891447	164.28847258490077365	212.80903002262499513	5636.92846663565433118	15.02403141840032852
ENSG00000074706	1981.69238119198553250	501.36648853225818812	903.93286278436880821	3710.72290521365675886	687.31029927075167052	688.16705302523814680	13639.20281926655297866
ENSG00000075223	4192.56704669980081235	0.00000000000000000	667.80959609003184596	241.32150648632710954	0.00000000000000000	151.36223534681437286	53.56925159263494862
ENSG00000075461	489.54475088680715089	2179.05423417714291645	62.65366434291519937	170.34554343217428141	108.86925546044163582	75.12363074439126365	92.05658439303886098
ENSG00000076067	219.98677528188002839	313.78296512126644302	129.43760757470920453	117.62057732027547274	638.84944896390913982	2045.41189191150397164	471.91375348090878106
ENSG00000076555	125.02214177007368789	693.55116582568427930	621.08580107822854188	132.63809289571128147	4090.60094725827957518	1005.23306775859225581	243.75794248980960788
ENSG00000077420	100.37306861789006973	115.11284659321522383	0.00000000000000000	81.92774166874400521	53.09559797711797557	257.15933813836528543	4193.67898389229594613
ENSG00000077782	608.26638467576742642	2836.27016557471324631	393.52108037484151737	771.77740803459710150	1480.20959813861054499	1200.88025711409409269	347.63409271383449095
ENSG00000078177	1989.71032928131762674	240.25787267535829983	0.00000000000000000	0.00000000000000000	0.00000000000000000	0.00000000000000000	157.81879415216297957
ENSG00000078269	194.90683091213796274	178.31556601197675604	8008.84820082951227960	2018.89850774918841125	13.54568587210997599	599.13484088120071647	418.30429398286145215
ENSG00000078902	1822.45972884143111514	670.04097944780198759	1734.32697071101051733	5980.54322761042476486	1902.15437601631197140	1857.46194345008370874	1251.44900340659614812
ENSG00000079277	796.34241797775769101	268.58059229504868881	46.45353745737469353	557.34600602662885649	479.78028457705585197	321.39692440790992123	3899.67074601177182558
ENSG00000079308	237.88599283506374604	827.35838525815142930	1134.08492970986503678	206.53124472446950222	1960.66468217486067260	7005.00867712485433003	272.06395994746020506
ENSG00000079819	2426.09222039343285360	173.56112066368476121	2639.30444495301117058	4862.41399001118134038	1808.63128524561375343	1530.11411662521140897	21191.48420265177992405
ENSG00000080493	325.25619949983314427	0.00000000000000000	0.00000000000000000	648.65082591210671126	23763.90879783398850122	63.63373100928346560	0.00000000000000000
ENSG00000080573	103.07322758502247950	1004.64298424450635139	452.01722461318496471	508.64658164726495215	9147.16478240232936514	1401.72798687369527215	470.90605188572669704
ENSG00000080815	985.91666185876977124	1005.72386844131347061	7980.78515125351441384	930.14387794301558188	531.73546022688128687	761.31275847813731161	1942.35165542955155615
ENSG00000080822	819.32838921470954574	258.79748002913351002	10539.34435076592308178	1424.00188216988635759	206.47249408106355872	1377.04800400656836246	1154.25505379436185649
ENSG00000081237	0.00000000000000000	0.00000000000000000	28.59245347310127272	0.00000000000000000	0.00000000000000000	970.64646543638662024	3299.97801346447749893
ENSG00000082074	15.06268306760315667	31.47301793165432215	49.58184825294439690	16.22922421671880144	21.20198414563545342	307.23624847561495699	3276.13747593756443166
ENSG00000082438	122.71494518273085816	44.83781637510568885	156.40190961402163339	481.80513810271111197	124.66921240779865343	9520.91646604359266348	97.27145568393527242
ENSG00000085276	50.15677858530664679	136.96833600193096458	119.35510651262913484	56.08679579294807382	51.92167577492556774	3995.80234105235831521	31.37712790080456671
ENSG00000085563	300.79612916042992765	67.38283977202503650	196.52444581809095325	517.63292112490921681	61.76656055166390047	9044.33016944555129157	93.78875503379173040
ENSG00000086205	63.42763620817370906	150.83544011567275334	4174.49233825872761372	112.19680392696503191	168.60164074522700162	79.53836649307562823	130.84051923942715234
ENSG00000087253	273.03135238163747545	0.00000000000000000	342.79170398661614172	56.32880779747502942	2.16878165696357694	67.43970080072996609	3868.69850373850704273
ENSG00000089250	856.34954055094112846	1752.50327249787733308	343.76689946688799182	125.05168662605993291	26.16156783290011489	191.36085201146326540	17.95209607500589755
ENSG00000089847	846.66750623898326467	209.61159603119148187	406.14889040535354070	1916.71143863655515815	1070.26767398486390448	170.90347592744524263	299.40447921956433674
ENSG00000091490	292.87657273217064358	1707.09221540938847284	75.58479238793611898	418.64803767633077314	752.73591093762206583	116.99862479978419572	30.75778074908016535
ENSG00000091513	172.61372445453520186	1409.00981677182539897	33611.10071786135813454	1363.15122488026190695	1861.04806677104329538	885.63158169671930864	2278.33439433003377417
ENSG00000092871	205.49958902813904160	355.59091203402891779	4936.80961253593250149	293.62717406615581694	205.54180827900401596	39.53986060249718548	1662.05662678849398617
ENSG00000099194	1005.96977853050304930	1266.43938983989005465	26472.12042711019967101	2395.53549286247789496	5882.86876500950438640	1770.73416410391314457	2727.45229384122876581
ENSG00000100095	4031.31086002963365900	10382.71460402462616912	637.35324426993713587	4227.32636329276283504	1069.68974209297562084	430.86083675554817773	440.17331319600185680
ENSG00000100142	593.27185575524265460	510.40537814193481836	9697.49198502197214111	649.50284058364695738	321.68987786339579316	152.56276467739914438	769.79082738151259946
ENSG00000100280	1469.79650484524563581	646.77857228777781984	530.00016193148985622	1869.89634354951090245	1570.29534683767883507	840.59700488246676287	7823.03335831677213719
ENSG00000100345	281.08985219692448254	359.57190842393981711	1101.24999763567143418	1917.82327912223922795	1060.57813802698501604	7998.69221687633034890	2537.81927246235090934
ENSG00000100599	66.72638430227539175	255.53613005204621800	34.38889381829972791	112.37954438549689939	186.23592916637437611	179.01084135320806467	1321.45821172056321302
ENSG00000100647	335.35298241780776607	261.93527191030619861	213.54346539987497522	636.87325257420172875	291.21979889457662694	1617.98332290375492448	4800.32695309272457962
ENSG00000101096	12.80034122573924904	34.97413154029657534	20.96109263357076458	29.30705395991185824	234.80262784231263140	393.22883191484510235	1629.60108269664874570
ENSG00000101311	52.12493986957989733	1028.00863778222492328	0.00000000000000000	52.03518219305696846	31.09068032374167956	45.80025862351261878	52.12665529099522388
ENSG00000101463	1205.84794605191723349	736.66458851617278469	1694.12114391622003495	2098.51568351096921106	609.23944787351479135	466.58768148951781995	10867.84912292728404282
ENSG00000102755	446.03502644854160053	422.57814258660101814	390.04212811226494750	359.86134079255236884	175.86390796711904727	15798.09746619426186953	538.76787901874058662
ENSG00000103089	67.19864705820329220	1238.09437332915013030	3885.20190354434316760	109.13131691186789851	131.97318247173893724	110.93048456021291770	151.52535147912956859
ENSG00000103174	522.67308168150543679	155.52450739517433931	209.23883334969750081	1306.11556360412964750	291.99833668363868355	206.82800358578975874	223.94756032876051677
ENSG00000103257	839.07942747256117855	376.95229164094092766	254.59969702306017325	759.70730376568462816	900.40720107615936740	12234.84166946812365495	608.80920077580344696
ENSG00000103316	450.06087544260367395	305.62270451577091990	903.89055970842559873	3721.52159472549510610	864.69628525243763306	849.49556985729600456	723.26950942685630253
ENSG00000103460	1055.23290808026695231	284.84435387480687041	109.39788076055262422	66.91519861160325888	1.06160528066073589	31.84231542017187166	8.44957355382877928
ENSG00000103489	832.58180234389215002	9861.40741785723912471	316.13539995714415909	1164.30200991184233317	166.09219751369911933	56.37717099018773581	0.00000000000000000
ENSG00000103540	665.15759760828268554	0.00000000000000000	7941.02223000401318131	1071.93588362471064102	0.00000000000000000	0.00000000000000000	1026.03349067449403265
ENSG00000103740	100.79408147178631339	200.68120068583604620	1096.23092629019924971	193.76227220281998598	7177.36346841504109761	149.94635767098398560	267.29820664998857183
ENSG00000104043	0.00000000000000000	0.00000000000000000	102.35400141097564131	28.73628756151112640	0.00000000000000000	0.00000000000000000	8807.31221967810233764
ENSG00000104369	467.98170978866050973	123.47498510214327894	169.09680035598324821	1050.63005368629319491	139.84420028192903374	71.85529857074850213	53.90421004844811392
ENSG00000104435	5986.28578032876157522	1921.53847512155743971	5154.80750164566325111	17835.01088566707039718	4544.49517766045573808	4632.13130986431679048	4030.32615253633866814
ENSG00000104888	770.06347940014165943	910.56218462324363827	3232.22003496245633869	13021.29732019058064907	2693.05952532216952022	2291.04412438470353663	2360.10166416563652092
ENSG00000105339	231.05607882659592178	97.20025603626083921	176.57252684848270974	1518.12327132650830208	178.88729682302806623	1576.66942878889676649	3933.37599740341647703
ENSG00000105695	0.00000000000000000	156.25644197719802264	10548.45524504948843969	616.25620712350121266	342.95858947508332903	185.96839223570651711	655.24118284284020319
ENSG00000105711	1455.08300879377156889	281.39397899523248725	1165.94490418502732609	4799.91465416808205191	991.34678081908145941	802.09922387042945502	1232.25084324843032846
ENSG00000106034	55.09928843253808139	0.00000000000000000	73.27107243550628368	0.00000000000000000	0.00000000000000000	442.99574471777947338	4389.84593314417907095
ENSG00000106089	971.01894164694931533	548.28795185083936303	1222.74065566664830840	5279.26017182482155476	1027.67419443510812016	1118.06857729574880977	998.07329721026201241
ENSG00000106123	2599.17810107044715551	652.40599086242912108	1384.34668563551394982	6097.68772602157605434	1363.70880568667780608	1492.26033225676042093	1191.20210646574150815
ENSG00000106571	37.10369183381920521	52.03609523540329462	132.72553043737343614	20.41551531571764855	3558.90980513608019464	406.05442751109040955	145.38693218379046357
ENSG00000106772	237.49500705897207808	1291.55177279735244156	26352.11883118586774799	6268.47120767546584830	0.00000000000000000	0.00000000000000000	1560.31777243170222391
ENSG00000106799	279.59398171307020675	423.95544370641289333	81.29373308461779857	17.83899872766685846	171.25300138701800279	414.44548364773891080	5507.82340567453775293
ENSG00000107099	10.89770001426743384	34.07058170803538388	103.07343482614673746	29.82850644743101398	45.49214750373705130	334.16674637529450820	7566.24877914547960245
ENSG00000107249	108.95611290275492422	0.00000000000000000	0.00000000000000000	647.08124388064891264	5380.11093953599356610	223.98171202672318714	295.52357390114246982
ENSG00000107331	1159.78790570614751232	923.40594143788723613	15970.75314676726520702	2956.24865812737107262	2242.45026390481325507	472.86543436340326707	1068.99772813238246272
ENSG00000108231	1245.88739869044343322	252.94502344190746612	320.98027986842231485	1417.65366622901069604	4092.73304766810952060	81.65668516647062347	143.81917273586316242
ENSG00000108381	28.51868826968766157	115.06738850261133678	4392.17976249215462303	133.09222085286270953	462.18914780843090284	250.55706062156460234	214.54496244919980086
ENSG00000108387	1327.99721155705697129	124.96429603482818038	11033.09291983901857748	2277.98922713731599288	2252.47359400536061003	1891.15135495474851268	849.70716863020425080
ENSG00000109323	1016.41167085669360404	263.18149430206210582	313.57768528571534716	432.18556086387440018	257.52258343385767603	233.56507255469935558	3109.89840378488952410
ENSG00000109794	418.49105120772674127	290.18398955777780657	146.93401388058569523	382.13669138570764972	293.37798385397996981	267.22364227947753079	4267.35434279297351168
ENSG00000109846	0.00000000000000000	0.00000000000000000	13763.85253866901439324	1657.59951164886319930	5031.60326034522040572	1137.49077079419339498	1102.87079807875170445
ENSG00000110436	0.00000000000000000	11569.50379352688651124	0.00000000000000000	0.00000000000000000	305023.94323716941289604	0.00000000000000000	24600.73318422115335125
ENSG00000110693	1632.30759325150734185	6731.24355203036884632	185.55499864383335762	93.02183831850470597	1699.53844377405903288	337.45874732110451077	101.29660965197113853
ENSG00000110799	207.84747579342595714	307.21012736221814521	500.44540268316791298	311.17749758882990818	264.89444951566190412	8087.54492078533530730	153.39260430754310960
ENSG00000110931	1814.65447283375510779	973.71336417538782371	1855.04396188188184169	7419.44022673221024888	1713.62476436490601372	2375.47945108699559569	1902.74804125035848301
ENSG00000111783	105.81300933332032344	422.76390987119930287	0.00000000000000000	135.99060444413518667	6188.65282205631501711	0.00000000000000000	277.11897504350400823
ENSG00000112280	106.00248992277131777	1423.42938399658805793	0.00000000000000000	68.23426407942108085	54.22772012762423799	91.30870233810998116	68.46716396434597129
ENSG00000112799	17.27464473064859973	25.50247993999816387	6.98252240134109758	69.48040606375505490	18.93686726641261941	21.44561905063494933	1316.94467628550910376
ENSG00000112893	0.00000000000000000	0.00000000000000000	23616.32836833361943718	1818.13083959680534463	0.00000000000000000	0.00000000000000000	5060.62471010838999064
ENSG00000112902	625.89700297779506855	7931.85105999405732291	502.57041024497766557	394.63759973283464433	784.56164590025787220	1877.30110207132383948	195.18218191253421878
ENSG00000113140	232.98168271762176573	808.46377600869811886	1342.32830440969246411	849.20839102126535636	2079.40855697822598813	8126.37613062053515023	307.67502395793502501
ENSG00000113645	453.12567827815968258	544.10933847683816111	389.23500088874556013	1258.13365980997127735	4260.53982082627680938	179.47884242520504472	221.07116812831779384
ENSG00000113721	92.89483659445265573	276.53038010333301600	177.45333793952079304	294.28031427826249455	2382.99481899913007510	6284.23266606816287094	183.74579182216299955
ENSG00000113749	569.84256627779802784	107.97278178705273888	194.19063359708965777	1602.70932729348692192	162.82012404617643142	266.89935936430737229	531.00588177127008294
ENSG00000113763	912.63763200252742536	350.46087664238092430	313.51887006467012498	2571.47108612559077301	258.03485311175222705	244.92692885609253040	206.84511663487202782
ENSG00000114166	433.93570792338471165	5561.98726544426153851	1471.80331392300331572	189.44054183112996270	1772.22838001130276098	624.35444787764174635	480.54979998653550410
ENSG00000114450	36.33245562874051160	0.00000000000000000	82.13576764719992696	483.53810335884497817	0.00000000000000000	1292.13479407493900908	8494.92244408076112450
ENSG00000114541	241.63845383934804545	1196.84148367424495518	8588.26459093638732156	0.00000000000000000	0.00000000000000000	0.00000000000000000	2403.29175955184291524
ENSG00000114646	829.28629607520292666	3380.99534292393445867	400.59707195633717447	1160.21861487640171617	1533.74549165866324074	234.90641491076519287	260.18032304121567222
ENSG00000114790	68.64046365033028962	555.07702944765901520	26.38444118966776486	70.20632481880826958	4065.47359471778690931	0.00000000000000000	236.58887646165911178
ENSG00000114805	3967.17442366520845098	0.00000000000000000	152.52725678230089557	961.12566625961756017	977.52009634475018629	250.73060186862204546	33.69103319143031428
ENSG00000115414	201.25605600115764560	309.91024267133059311	249.15255821910534451	342.05155032624440992	534.42464966466616261	12532.71698434787685983	101.09152844568886565
ENSG00000115641	161.95419867834712591	85.40267127660602853	191.92508413264278033	935.20631973375532198	128.31493273419982870	638.36846238678845111	91.73943510222436259
ENSG00000116016	373.89265119352336342	1462.64485374468540613	524.32980118392538316	481.12800379839700327	1182.85042003240914710	14077.34849643987945456	458.24572546924684957
ENSG00000116132	101.62633889072725424	1720.88799028540415748	108.11723566740823799	223.00287123086724250	972.06763138485507625	771.95578873595525238	92.14472215645784559
ENSG00000116147	2332.87909332910112425	28596.26358507295663003	591.81545434639519954	3488.29315215491624258	593.81358492823051165	230.91191862314292393	62.68292438595821636
ENSG00000117266	123.21403577684542086	207.67100162757083126	9283.03136535905287019	830.63376634358905903	541.20524505717651209	211.17920973880936231	891.81394587257977946
ENSG00000117394	339.13654981493988316	439.15995357982274072	521.51332245374237573	457.79279754699899740	671.71301219641941316	5700.97430520147281641	256.45373754402686473
ENSG00000117868	2335.94281233524316121	214.63517427505661317	372.78637880550343198	2121.62474951955027791	1803.95121882807325164	15290.13272067297657486	756.85019614635302787
ENSG00000118160	1288.29051062728422039	313.81845747188395990	712.96162594029942738	3307.26810182396548043	509.69256514070292496	532.17392870242031222	400.09163030343393075
ENSG00000118276	5261.18125776914803282	573.94358887190946916	149.47295916241426994	1260.34174729403184756	0.00000000000000000	54.75032018938706813	156.63407078687674812
ENSG00000118777	146.74194089588456791	342.03150555855427228	340.03724772884362437	196.67865630094658513	188.75539873159968352	7525.22796561966879381	306.34525184346625792
ENSG00000119042	270.77712900757825309	298.00500022903327135	855.44641217939101807	5176.71892813862905314	624.29929977951769615	793.86883902834938453	442.54156802667614556
ENSG00000119125	1540.11964326716224605	547.29307651323438222	1210.61658650200502052	5426.28087322145893268	921.71792563690223687	984.10213816699217659	812.23828619985738442
ENSG00000120049	2836.71431574370490125	155.17478566340778912	211.63620578180422171	764.32215752126171537	559.13231988210691270	169.66009194756910006	260.62696520384741916
ENSG00000120594	440.25150061839138971	0.00000000000000000	6793.52702453429265006	514.11804096064918213	141.51547875623890604	0.00000000000000000	44743.12659870340576163
ENSG00000120899	1080.01883029527539293	732.83632680704613449	1439.63544064664938560	6187.37670310872363189	1623.97131954499263884	1523.34355291841916369	2055.06229542947949085
ENSG00000121753	1506.06577565635689098	1141.64015454454397513	1150.78903140260854343	4758.54632583430793602	1359.53178187651064945	555.42131759779090316	652.90142165095880955
ENSG00000121904	726.97324142360798760	3791.84208872359431552	0.00000000000000000	1090.51179274993705803	0.00000000000000000	0.00000000000000000	0.00000000000000000
ENSG00000122367	24.71241143566937737	59.84471039042666973	3046.15843485034520199	124.43444266479404803	37.87417233281782813	259.23543248398880223	152.15580262983633020
ENSG00000122584	4030.66615857835768111	4746.55549457392589829	315.56518029860689012	476.97058821152205610	286.80139069465241164	124.66372510337380675	128.99865562970202859
ENSG00000122733	1344.59016821076261294	343.23341572131056409	887.33793548102198656	3391.64980276570349815	870.34850872978006464	725.59328816738695878	682.06632431417256157
ENSG00000122786	1339.20137363902335892	952.17396581341142792	1223.09921355975734514	682.23019566120490254	501.60504246505786341	8538.50632906143619039	0.00000000000000000
ENSG00000123095	457.93558092040558449	333.26725339723208208	833.45253833676417798	695.23742740658997263	1163.17668800469709822	227.50271443262462867	4442.70841632913652575
ENSG00000123243	219.03823764128239304	285.71931088006567734	330.04031923970353546	258.40532134864935188	247.29487318202561141	7813.09613642395197530	142.46489560071424307
ENSG00000123560	0.00000000000000000	956.87915966904290599	151511.50962381690624170	4641.66468019883541274	713.53256130305408078	1876.74757837643346647	17908.44694152351075900
ENSG00000124749	1182.08218171657813400	0.00000000000000000	27.48036375909985196	143.58631735209701219	339.55716357056007837	81.28963132345916165	3.39606203130057782
ENSG00000124785	655.76119204295923737	718.15786135539656243	1506.74000407173866734	5597.11043705771680834	1404.04141767520241046	1780.51100788307257972	1111.42625642960865662
ENSG00000124813	421.23527193698566862	0.00000000000000000	21.83921651239316830	117.01754579588229888	0.00000000000000000	191.68433471350309105	1313.15860821681735615
ENSG00000124920	52.17037227668029686	230.50641946611216326	7859.62052788858636632	353.31560977219862707	194.80641215944899614	221.73306052600648286	518.25024975774988434
ENSG00000125257	0.00000000000000000	0.00000000000000000	0.00000000000000000	0.00000000000000000	530.83553100292306226	0.00000000000000000	9741.87625763282812841
ENSG00000125730	206.41257932802423625	278.99081641095875739	161.53166821784358831	277.32442156673795353	220.66916654596897729	323.13095509838387898	10164.69481486509539536
ENSG00000127329	1082.45294805388130044	0.00000000000000000	8.18419408793785230	1051.51287113891430636	0.00000000000000000	6155.84516788018299849	164.75857158893197152
ENSG00000127585	1586.09751221946885380	187.23824593419857365	1766.41227318426467718	7651.64694165798118775	1406.23046399447957810	1191.34139314749131700	953.98556650683462976
ENSG00000128536	351.26793133271212355	14.81191740439555282	139.47686526924539407	471.56919623097951444	1765.69247302100143315	71.72943715392045760	131.42548764609810519
ENSG00000128567	230.87018092092310440	241.54268982064800753	278.42030275377248927	506.79600388805090461	142.52903534595844803	4972.70000155682646437	61.00957479915420123
ENSG00000128641	800.46019392246410007	0.00000000000000000	10.81291014164978215	649.35106546785527826	0.00000000000000000	7323.44468334882913041	67.67081507886349812
ENSG00000128683	10737.47042182973927993	2678.53839788003097055	909.91468285218081746	981.91357380031092816	999.10138134534156507	441.20028722978594260	395.10514620380865836
ENSG00000128815	31.98886695923257406	29.19644790085114394	23.04478975741033508	30.27998773364270946	16.09706758819769590	184.79000115185831987	2410.65382166144354414
ENSG00000128849	194.22905232064533720	171.87122446486952754	234.56048378675779986	76.88907520216616831	1679.80610388927357235	5125.51079631609445642	567.97354872954826988
ENSG00000129355	692.92896113274559866	125.56031373466470313	529.83385174871818890	2492.30506520908420498	546.82181091760253366	569.73316471420059770	348.86429407094669841
ENSG00000129667	46.43408906464363639	59.31988610406322238	0.15196113452082030	49.23315501744612277	47.83163262317568609	158.50631237585108124	1865.53120663540380519
ENSG00000129990	864.39980613502825690	8.10364985964357309	466.20207340812515895	2861.71189098146669494	664.70027402602340771	346.64589619336192072	507.02282532252093006
ENSG00000130066	987.42532277283135045	1233.42324731472172061	27.61624964115478775	611.04939396207316804	2579.60269126332696032	3310.67324393494891410	11787.63534801923742634
ENSG00000130203	0.00000000000000000	5.59026370917479287	3274.18768769518101180	1718.58405942353238061	15380.10927629004982009	4923.66252284313395648	3944.81179437607170257
ENSG00000130287	1155.92387472823293137	924.23694720110711387	483.29209298556872909	1900.17032595474779555	9831.07409316370649321	5.23243636422718694	150.69842940942027099
ENSG00000130558	4961.57633094626908132	2748.09131806829418565	4819.94839466120265570	20714.32543350899868528	5000.05364759617441450	4626.74253474506895145	4199.56073638292309624
ENSG00000132122	194.71159198287639924	2515.18229088960788431	689.73914042073374731	173.76939712244899283	781.31065345950730716	371.61401330472909876	305.36160951207529024
ENSG00000132170	981.15376657889851231	95.17763173073646499	26.33627561562119368	202.18065453094914119	15.72881624774141329	64.63750798336403136	288.56670521625898118
ENSG00000132321	538.16656404599245889	83.61152131768331230	154.43529482462588476	525.71692716400457357	2629.40762205289547637	81.31318207000185794	96.83681182204107074
ENSG00000132530	57.31978663627246107	188.53322891393173677	130.26254776472674735	80.76127421038997056	668.30868613170503068	2573.37380843795745022	1071.66975839385645486
ENSG00000132692	520.04098656750727514	5125.22512554643799376	648.38430659676566847	899.34078095259292240	2785.75796703139485544	368.01175845935199504	384.80967454324957089
ENSG00000134369	2384.61969386491364276	9216.06584009582729777	1811.69118218247035657	1021.68945942935545190	3002.50224389032382533	464.10084641068897326	0.00000000000000000
ENSG00000134516	23.52346077758505061	0.00000000000000000	236.24965297145487853	52.11694859378536648	0.00000000000000000	133.35401646775099493	5390.19718371737508278
ENSG00000134851	581.29761776169596033	412.08189641157048300	11791.51851514373265672	562.43180536710440265	0.00000000000000000	531.76760489600235360	2196.01184274616252878
ENSG00000134853	275.23255226771908610	4323.91102208195934509	22.59282264211575963	185.17127129540108399	122.51777533265456555	324.55269459011094568	215.94409186393664868
ENSG00000134954	281.84246080894899933	573.15860121110199543	163.47744540136361024	114.27301572364046933	104.56919668442021987	3746.31140120643522096	200.16572980318048280
ENSG00000135063	110.97122829577344305	95.71466523288961525	195.20751865560774263	112.27231339841118540	2689.41843030654990798	258.75520065593036634	79.26551857314069593
ENSG00000135299	2174.90222961268000290	552.01390181438375748	3.65287642204986263	628.82323354483241928	442.38125256712316968	508.09602780688175017	197.70735240194818516
ENSG00000135362	34.57327305989294786	392.70826391177183723	1668.37298029685825895	45.94176368287970291	259.51588498948763117	507.06442416566210341	96.64266181494187435
ENSG00000135426	565.72381914244886048	526.12374149016397951	1134.17885333819390326	5786.15860887840972282	897.67438909215820786	1217.73685375917284546	882.71767600252849206
ENSG00000135519	773.71379239340558343	330.50480879515157540	496.93630324808731302	3079.96211530201344431	564.97295434325712904	416.91645062043096459	393.26741772256315244
ENSG00000135540	5.65047582552341687	564.98845626361253380	122.51784835132279738	38.79929186490284110	4782.28883290949943330	586.99184261154437081	1308.63963734464255140
ENSG00000135750	840.37733200431046043	768.25542182218748621	1033.92883271850996607	3340.76862073948632315	445.12745650324347935	586.47548003337328737	442.11001668211446258
ENSG00000136250	119.46510522964402412	146.49931229612667494	198.62915888118430985	95.01368101107426867	26.44538700795299491	353.53154293260712393	2420.70385905690727668
ENSG00000136535	241.91512559168350549	221.26337329850770175	568.23418238229987764	1896.71478856481689945	373.79088452538707088	414.86287828720287507	312.13291280862102894
ENSG00000136541	0.00000000000000000	116.55983383890317384	13029.50778520293715701	566.73580914155229493	248.78759809098625055	456.65917876508882500	1551.81462695469099344
ENSG00000136750	9142.05416591031644202	626.43505146507766312	593.42740352542602977	767.00141789002736914	699.79803192973520254	468.47688620177075336	315.30584890029115286
ENSG00000136960	0.00000000000000000	403.42608924033169160	21395.18263133776054019	237.13873584007720297	0.00000000000000000	106.29947043981148624	1955.99954231363835788
ENSG00000137267	2582.43095335488851561	997.81198183188041639	2388.86435827206651084	8641.25189240864528983	2975.33220115771609926	2226.75544892467269165	2027.63641212949050896
ENSG00000137766	14851.49610927717731101	177.10807339204276900	151.18691835116635502	2506.56911971460613131	0.00000000000000000	134.60500997204167106	265.31371925068378914
ENSG00000137831	157.05113555006289516	186.20542769287456508	617.14507714255910287	88.83987322051071089	452.90863931715244917	3820.45481082895685176	353.81516461584828903
ENSG00000137962	299.93418545130379016	0.00000000000000000	0.00000000000000000	380.76329658765843078	0.00000000000000000	12093.06683736717604916	0.00000000000000000
ENSG00000138185	74.10154970602337698	245.50314259501868719	102.24790196200362402	67.77001537643455720	889.54973576448185213	1058.97233631947051435	2971.63501626215474971
ENSG00000138639	1705.28822041551779876	94.22609120332110422	118.76229668515536275	84.05028366214952484	1456.67415028197137872	140.80488339070723214	5036.69631526693319756
ENSG00000138696	355.92053809246601759	0.00000000000000000	33.62753325097442314	126.59331879279774569	6979.45654485226532415	126.31465646320464202	87.93857058710869978
ENSG00000138771	276.72593235715868332	0.00000000000000000	36.15895414570791644	1159.89089546740660808	4643.02451168306470208	0.00000000000000000	0.00000000000000000
ENSG00000138795	517.80280188264191565	92.44261458080171678	79.22253730054521270	116.05671587156689384	34.67825660631793738	2379.40590293971808933	47.75136364584228943
ENSG00000139083	846.24437679577897597	813.33566472606048592	0.00000000000000000	499.48638306558768818	554.06053482274830913	1233.27480620059395733	4084.87431034459859802
ENSG00000139155	239.33523355838713087	0.00000000000000000	117.71198675479294593	0.95125097321902508	4267.02137756519914547	413.45199638867302383	125.43329057989491560
ENSG00000139514	769.31724816617293072	454.13178963510188169	304.58082301278017212	955.38289673554163528	241.64500071963800565	7186.41418522461481189	235.28483703286573814
ENSG00000139537	130.40464514434901844	37.47199155180096852	58.18730952247821619	258.00771167000550577	60.58714873021679637	58.29076049047142760	40.24512459898740246
ENSG00000139679	81.49076450446128206	63.39580450329616923	48.50731339191814584	106.81634603193737121	82.86231713161599544	503.31511001827777818	3485.27172506675287877
ENSG00000140022	79.54485291897721311	301.50969658699335696	204.78302558628121233	15.64148990000024675	9661.31683790413262614	81.24379134374967748	1460.86567323533404306
ENSG00000140470	627.32609984548412285	2039.79739128093729050	68.04963993539277567	59.24216850550595126	749.27004950851664944	97.52710415207623385	213.29644438405560436
ENSG00000140479	287.75413503223671796	424.68683618733001595	8594.41069239311764250	300.09100646845803340	0.00000000000000000	0.00000000000000000	619.82559339479541904
ENSG00000140548	250.43392313272534011	308.15967827131817103	244.27769223949479738	193.96250724570526813	540.25179769805868091	245.13346545137582666	2972.86715335632152346
ENSG00000140678	65.52228605671201933	71.03872299058244266	0.00000000000000000	57.22376764234425650	36.62423616593859776	78.27946432048518943	2610.56182773120417551
ENSG00000141314	167.07962680346145135	1756.64842361771297874	202.07333329807804034	841.42195374426194121	845.24063358730347773	160.41683090949979373	55.14885859263848289
ENSG00000141338	0.00000000000000000	0.00000000000000000	6487.94271794894484628	0.00000000000000000	0.00000000000000000	2416.43152803064776890	380.07641213836063798
ENSG00000141540	26.62520357666782189	459.35921914122911858	4975.59755077201680251	232.95553178651039161	1776.06264073858619668	905.07920994086782684	1047.68791242750876336
ENSG00000141668	748.84860126580952056	432.14264980550001383	762.88212638710785995	4971.27087689775726176	503.67605716802609095	681.39063791053854402	484.18872827076648946
ENSG00000142089	0.00000000000000000	0.00000000000000000	208.62697918411717524	200.68675064547619513	751.99248111797828642	8780.35649191069569497	153.30257714834880289
ENSG00000142347	54.78681520748413902	52.82813735632208818	51.49603141078652158	73.80979002584254545	80.79521193103576593	225.78801042154361767	1646.75725073296439405
ENSG00000142611	73.05148901274881723	179.14839604287649877	259.91602064190254850	109.43452056081696355	3304.60460863177331703	285.99064328151115433	95.98240940988272030
ENSG00000143013	2580.71666901205162503	2391.24167111925589779	3545.94953833484669303	12241.57948546488296415	3662.05968508848991405	3449.67314194957270956	3414.29468808387218814
ENSG00000143061	2022.76224107394250495	90.04254348309468980	78.73309054464061774	440.97592781389613492	83.44250275084068846	108.74700058226687815	46.99782593738366643
ENSG00000143248	1661.65336321012955523	337.84597862449021477	994.21885965007186314	758.66542986959677819	861.10577883283087886	15573.39785883069453121	484.68027947124238608
ENSG00000143473	2212.85162053074691357	364.95386093294939656	1030.50688108988515523	5279.55631337106206047	370.01913589736142285	512.40112206838409747	303.45932274623197600
ENSG00000143603	206.50380839863956339	140.77428717947725545	90.39941523285691005	546.49851039546774700	6877.16122966340481071	0.00000000000000000	38.24662299702388424
ENSG00000144040	1965.33591821250524845	698.76619798568458464	1195.93344264671100063	2919.59811206533595396	15853.32445494316743861	456.82042610205985511	1148.24621450138306500
ENSG00000144460	4924.17047179033033899	0.00000000000000000	32.40868265074476540	566.26585678663252565	0.00000000000000000	0.16870827204968533	61.40851152092542975
ENSG00000144596	2537.87023433779449988	144.63906486416706798	87.10257127799951604	201.75078588461875029	123.94737783228370631	263.15302690461339807	4.98312760520006659
ENSG00000144749	334.81150970961078883	788.20058610088187834	1533.26324787702651520	379.38752064624100058	12582.25744710287472117	1569.73831171191341127	1526.88594078664050357
ENSG00000144824	0.00000000000000000	0.00000000000000000	0.00000000000000000	514.88476252811744871	0.00000000000000000	2288.30336780073048430	0.00000000000000000
ENSG00000145242	1299.13159695065633059	347.49495111534520220	254.04544980166662071	3550.56684461358736371	0.00000000000000000	0.00000000000000000	28.20744717644727473
ENSG00000145451	461.01125182412636150	0.00000000000000000	129.81265611236364066	1615.19701982151150332	119.03607107912363006	17.30946942971584335	85.85202128976823133
ENSG00000145685	231.26325203442368661	745.65600080349690870	95.36163137204516715	198.44404407512544708	298.34566537322535851	724.50014192374294453	4755.39248558673443767
ENSG00000145808	1736.70380188291301238	0.00000000000000000	65.53061099510314591	363.72315542617150186	0.00000000000000000	0.00000000000000000	23.54667279447659922
ENSG00000146005	445.70023579139950698	1484.40278559175885675	560.73284502077558500	391.05222940988988967	7235.57807704109745828	143.19819967438735375	384.86946290587235353
ENSG00000146090	272.67848267904753357	215.32586412554744015	179.17619010216262154	327.67734577615829039	65.04613007378402756	96.81939903255474178	4704.44821115582089988
ENSG00000146147	265.32797058078494956	166.26305821561678044	381.14510927179492228	2693.33669389302167474	205.18883024479305277	310.34310344546707938	177.82121918573793096
ENSG00000147459	0.00000000000000000	1185.59331524976755645	11521.49977259906154359	0.00000000000000000	758.79714744457783127	802.17707885654567690	1369.03460762114514182
ENSG00000147488	0.00000000000000000	0.00000000000000000	26658.75703296478968696	0.00000000000000000	0.00000000000000000	0.00000000000000000	2246.61400370963792739
ENSG00000147509	186.58747491976177457	68.37096176981967233	179.94516352077476995	123.45633732970640040	2782.12609113012513262	73.12285577231325817	112.30021569957857253
ENSG00000147526	1800.40709591219570029	572.82573876316268979	2850.13517575320338437	5075.21760474176153366	2041.90480551603491222	27445.49613523814696237	2609.62826761110090956
ENSG00000147676	487.73197548056282358	214.16689585577071853	501.28748764747678024	2351.75269831014838928	434.20763445558390003	405.02344729837818704	397.64064819010508245
ENSG00000148123	823.55388242129970422	2658.38973512810434841	1061.35078169689495553	222.29515145723286196	149.21105255965451875	76.24682331328553175	162.89678669715792125
ENSG00000148143	1242.20446501225546854	4312.16914978914428502	359.85759237847014447	0.00000000000000000	764.75868440744591226	141.81185504078089821	0.00000000000000000
ENSG00000148541	1103.68933969672480089	181.82662244392955131	5229.84281913559880195	1427.96271640136251335	326.85534476373106827	972.39003661084257146	0.00000000000000000
ENSG00000148660	3445.64237437332485570	1590.91737553204734468	1585.71853880591311281	5149.68294634814719757	17401.89240875707037048	1779.60831668270202499	1413.81621801884330125
ENSG00000148672	2348.82829304289862193	1033.79149845267215824	1833.96158983508644269	1911.67073235111320173	14263.88226302153634606	2867.71423046348763819	1216.95616190007308433
ENSG00000148908	59.50954284539860595	44.57456310869869753	2.86811696216925371	39.51199240861200224	54.71301478094587623	97.82831986267756008	1933.90801595183779682
ENSG00000149090	159.89664319666340475	237.24314826030055769	304.43796238446941516	313.47584769675592042	5237.94233229329256574	341.03918759208232814	227.01187325577780030
ENSG00000149927	670.49903096298555738	303.28069840553047243	668.62897415695135805	3054.98381244208076168	848.56409437216586866	549.20532722437792472	808.61534933659720537
ENSG00000150054	376.75850540231374453	79.61845055981761732	122.48615264008479642	1273.16629122460517465	170.84389471497595991	412.81087136897389200	79.77718900904731925
ENSG00000150361	338.41063726478324725	662.93827895089430058	0.00000000000000000	80.05380875750553571	0.00000000000000000	0.00000000000000000	0.00000000000000000
ENSG00000150510	294.36168561730903548	249.61413882377786422	2778.64981493991308525	389.39717955413823347	350.45951531910651511	353.38973353495333640	126.23331887787041694
ENSG00000150556	827.22064098899170403	47.32126551403698755	23.66171241789417579	95.21658062193112926	63.39829192829607507	20.78261905874074600	0.00000000000000000
ENSG00000150656	235.46048366933635521	415.44614445831518879	10745.93836543657926086	433.02287511284521315	428.47339394477808128	414.87158671457035553	592.00019798523067038
ENSG00000150867	1086.62211002571984864	3257.57871306863717109	19585.06663272383229923	1312.54428669947947128	1883.51348653209925033	2309.84362951961657018	3838.57445516423786103
ENSG00000150938	268.75327955089005627	0.00000000000000000	0.00000000000000000	1596.98370837653897070	475.74856042775843434	16729.85771182971075177	0.00000000000000000
ENSG00000151136	5409.90192023664894805	512.98895511715431894	222.24137417367234093	427.97642159332423262	450.77485652282069850	96.98759223268697838	9.17370480208557026
ENSG00000151491	517.23171556686793338	927.53003776948116865	336.97963508468984628	11.25525184515122845	787.93192892264335114	6394.50340680012959638	1040.21704684437122523
ENSG00000151552	1392.59907574589260548	106.77803567512562211	15455.27913991363675450	3364.59047823098080698	404.48500596991215161	147.04435290127767644	1781.63270278687900827
ENSG00000151789	10626.97735932601062814	1036.04055412064508346	407.10262601869322907	1343.49754543089329673	325.43346404541449601	692.74506591306499104	117.13555906358020309
ENSG00000152034	77.67373953933400799	54.71922019242047952	162.88196449495865181	1180.39375679210547787	97.26671031615256879	126.39511559891703030	83.97406631008331601
ENSG00000152492	705.50614560873702885	3540.14841658043997086	283.40718814657645908	343.67485938783147503	385.15334784525344958	1297.79694707779390228	1259.64082490382429569
ENSG00000152518	65.84562060651444426	558.65468514552264878	274.71703124455046918	90.71869919234862323	1000.20928093517215984	618.43782733943533003	2665.51229459198520999
ENSG00000152527	352.79337435320280747	1726.70989641373557788	130.30285444650840532	22.98422466845900658	110.02058992584481700	174.92798802067267161	48.72399249613773264
ENSG00000152818	5013.08988263702394761	0.00000000000000000	26.25053671564164404	0.00000000000000000	2541.25546211783739636	23181.72007743915673927	621.48602631979997568
ENSG00000152931	301.54639295521729991	219.84013524297344588	558.70970910918424579	2334.90091437030378074	429.29887528565330967	585.88076199024305879	412.16036343957233612
ENSG00000152953	158.90044131880739542	827.40572467320657779	43.37697927732445180	78.09298553105789154	35.60861386863618350	61.82604811207624351	321.25049335760201075
ENSG00000152990	565.99094379719031167	842.00904523848714689	102.02357995073253960	68.93309377594907517	5387.89173602936807583	48.50376698511993823	189.99028395295064797
ENSG00000153820	7909.81448385575822613	305.21202213572615847	137.87063424946882151	897.80295927146858048	164.27839350567182919	93.08882580268472395	7.35575634504598774
ENSG00000153823	1735.85696524722834511	3870.75250430837195381	215.18554249105747544	1301.77642445121523451	510.33655972980920978	1482.11624028391656793	747.32588711272956061
ENSG00000154237	210.29369608973962613	234.75814960317595137	177.45087582832428552	1803.26526936532263790	107.36426410394560094	159.14722842018628057	4273.55142340507336485
ENSG00000154678	173.41706151171496231	1491.31250065931408244	16071.95168610615837679	1975.77346955559141861	0.00000000000000000	0.00000000000000000	132.34352609236506737
ENSG00000154864	297.04087654970214771	0.00000000000000000	6413.54177631709808338	0.00000000000000000	0.00000000000000000	0.00000000000000000	707.41515814799163309
ENSG00000154930	137.67091896778811133	784.78971188606294618	865.82142226527753337	255.70552635985893630	6268.43589529707060137	585.20362766587209080	949.73418629840932681
ENSG00000155307	10.43841873326387670	15.77637771810908340	15.63600909273647233	18.51038949544265577	17.41768687848533403	143.57619182784802092	1802.31262546734978969
ENSG00000155629	0.00000000000000000	9.62010343703539661	30.37446270345880706	9.95854285484676538	19.93350856724296705	102.99844417817719489	2115.11626170506542621
ENSG00000155966	3217.37488276730664438	215.89247937424042334	76.65493155639420308	580.13926489146490439	41.64244187477325454	49.35841066730012727	59.57368911419268898
ENSG00000155974	6635.44529186381350883	196.10264118664434818	31.63371342543532450	1000.90516488853211285	0.00000000000000000	0.00000000000000000	113.57175637910636112
ENSG00000156103	483.82202423569680150	10766.87278325788975053	0.00000000000000000	1523.72999092133863996	0.00000000000000000	0.00000000000000000	0.00000000000000000
ENSG00000157110	86.96311582373284921	52.50085378336692798	59.10563677462663890	92.16037635591689536	304.45583168784520467	2120.28066014588557664	36.46266281167041967
ENSG00000157404	4652.80069052563248988	430.55287510318538580	248.76433923886472144	259.64625454511701719	309.66452044691294532	167.55497288003186895	5.08480726511898062
ENSG00000157470	1351.07864797020420156	292.96246815339435443	625.46292611506169123	2517.24898226154118674	627.64290334801091831	545.33624841943742467	349.23470072234664485
ENSG00000157782	1929.56521201439636570	1091.29099774092560438	1890.91748743322273185	13232.76353076437590062	1451.99525885306275086	1648.05592985198018141	1250.74804724587011151
ENSG00000157890	232.49665691006410384	2428.29769820053252261	12.87333686469500194	176.09913043295168222	126.11202554483473648	52.00225457490515879	120.25660559094239943
ENSG00000158089	2389.79169841464772617	177.21517212723105672	108.98774074051749494	543.40675538886193863	171.39711980050466877	158.60832783877543761	2.41669160393583837
ENSG00000158258	1904.92177788024469010	1105.63322602851030751	1126.27953427035367895	11172.16441900965219247	350.90389861532258919	505.62338747787134707	322.28671049696112050
ENSG00000158270	156.68715679862350498	196.39313433017099442	226.18860477269694798	141.52534348806452158	833.56348665620669180	6175.88121425869667291	803.33350807566625917
ENSG00000158352	13.47344919657610696	1242.06065524651125997	3617.25778880687948913	54.62265045534174845	55.86760221939934468	989.02556441410058596	138.93706213060320920
ENSG00000158865	117.33633177714317242	145.02113768407463112	4227.30804641148733936	131.64249806659100273	216.54546104005063967	147.93383833117877657	82.56651217242250596
ENSG00000160963	813.23154328325097140	147.46692890636495576	280.64404620648161881	2325.05202988983228352	219.09095823034240880	638.56709095745031846	144.45228613604572843
ENSG00000161791	160.64399251841939531	660.84007396624849662	211.07697058437489090	387.70560199889916930	134.37079100340304194	1892.01611652462406710	5736.29304983376459859
ENSG00000162390	0.00000000000000000	404.07535610021739103	0.00000000000000000	191.46373750098277355	5790.51284291769297852	0.00000000000000000	314.07678389005860708
ENSG00000162670	456.39581024042007584	5314.99287149035990296	125.04465938772953848	1414.57836622626291501	906.55365060759231710	0.00000000000000000	0.00000000000000000
ENSG00000162817	813.32835148831384231	405.70732122361317806	839.48641171565463992	3452.99318952424755480	653.42422167348411222	1246.73451568935206524	510.52077063030748150
ENSG00000163219	53.11826168543073834	58.19544306827352642	43.03695863439232028	137.87300926983212435	65.37508627326999999	312.99762866757464508	2225.46982883827467958
ENSG00000163453	230.50120051350907602	429.71903280818418125	471.35705461018028473	337.97311131446508625	2433.47259381234698594	8973.70673207926301984	340.86025210112774175
ENSG00000163630	12544.29733350812239223	798.81542883225051810	617.56232966535003470	2148.78405659914824355	920.81868884030279787	537.86092129387645855	64.70549114603754504
ENSG00000163788	1665.44872904663202462	173.74578663335501005	0.00000000000000000	783.03218731472372838	983.23430784705396945	10814.77596470336720813	432.89372740715026566
ENSG00000164116	5391.03286361185837450	0.00000000000000000	54.83225812122972798	814.52631025069126736	350.64147521675630514	908.78911112381024395	429.84283453295211075
ENSG00000164124	0.00000000000000000	53.80492187336623999	19567.12050292898857151	381.05977765409505764	614.35325519094840274	0.00000000000000000	2429.49518320999868592
ENSG00000164128	245.82958511072598640	47.43441121755038381	112.86479066603479282	848.31858744404974004	48.78358042579296239	217.86065853867683018	75.60904342249712329
ENSG00000164161	0.00000000000000000	0.00000000000000000	11228.22979500594919955	318.32802787119078403	0.00000000000000000	0.00000000000000000	1551.76185357217218552
ENSG00000164181	270.07758569379194569	0.00000000000000000	385.79034652216347467	265.35288602913891509	0.00000000000000000	5273.86663877889895957	0.00000000000000000
ENSG00000164188	286.65806031455298353	0.00000000000000000	201.53714126630575265	37.25305354409901071	6956.80281218310301483	968.02385999065165834	50.65865025233605223
ENSG00000164199	40.60393216298200514	0.00000000000000000	0.00000000000000000	62.42620747496955858	44746.76861041733354796	0.00000000000000000	2149.24028499546830062
ENSG00000164236	860.82682330805357651	0.00000000000000000	211.61003841485347721	2610.32753103775394266	266.92926013202452395	375.38217715485347981	77.72638085020776089
ENSG00000164309	91.50106689315998665	2079.85915378849404078	74.92366910409619152	289.80267232243062381	943.42926317422291049	101.28868649504146049	54.88964265340827353
ENSG00000164330	198.38394598833036753	88.76344363414096961	68.49204288617870873	85.15923102045812243	36.16918772323236908	3574.87275170877092023	15.97294292766191326
ENSG00000164512	686.54654115881407961	119.14620189203999701	24.46346346512177305	70.38782814841015067	26.27900992004962077	13.57645365371355872	32.28540225691130416
ENSG00000164733	3127.23436593681799422	882.36027066353085502	1408.86017725924079969	5003.49781142673691647	1615.96932267845500064	2485.79191745857906426	16947.45005404748371802
ENSG00000164794	224.23595151221911692	146.86231196433206492	441.19503705484532929	2240.25371318545376198	384.99809749545806881	481.14928143859168586	416.02250204858336247
ENSG00000164951	673.44470718754382688	231.39138601585725041	816.35546349795151855	4922.62068139978237014	798.23195047957619863	1076.17393423410476316	501.92308393461246396
ENSG00000165025	112.35113862121754380	46.82762785779479486	5.54956284682235257	35.37169916620450039	18.77096065989299944	70.34526829176120089	2140.58216854629381487
ENSG00000165566	609.31847172357595355	0.00000000000000000	16061.47935479377520096	1103.56285356834905542	2339.84906833230161283	0.00000000000000000	1641.67662566705962490
ENSG00000165757	323.22374542922614182	144.25626245536369652	339.03237649542501231	1839.04581578708871348	314.20172875964158266	5331.80894001067645149	167.13865169992561732
ENSG00000165959	0.00000000000000000	25.61841839250743291	9448.01969340005598497	197.09493896428341486	347.56775057018887765	3388.50513729806743868	497.37689046038906326
ENSG00000165966	86.50264040541146926	2333.29992813518219918	102.67587743314678050	1139.22918064205555311	0.00000000000000000	0.00000000000000000	0.00000000000000000
ENSG00000166086	410.33400121488108425	1168.40593791935430090	6492.64489104475887871	1524.90108126348332007	0.00000000000000000	810.66497363873088489	106.91294050728382103
ENSG00000166105	190.09698297830297520	100.85861498675969017	47.46131735617741043	476.28229288223963067	34.42289705823451840	44.25905242301838882	25.59635859152291459
ENSG00000166147	5093.37084000751747226	216.52561339665683704	652.02635991330635079	898.44232264221329842	0.00000000000000000	0.00000000000000000	0.00000000000000000
ENSG00000166710	618.56198613557080535	1130.14343330191127279	1490.47085035346094628	933.01603137322706516	1056.90963061160914549	15302.81584410744835623	2193.66505378165993534
ENSG00000166839	289.21377184029591945	362.76928561837615916	151.50698492471278200	479.16206504060028237	3046.50191870726575871	144.26570749994621679	206.97478940925958568
ENSG00000167123	359.60918884623305303	825.67588644231420858	14566.64291257349213993	678.99513763605636996	592.53832473365844180	365.03963879171175222	724.92916157223066875
ENSG00000167614	0.00000000000000000	1693.17417044255671499	2804.72577083614714866	2511.89082934922953427	12403.09497429308612482	464.49584156357644815	511.28596128273966315
ENSG00000167619	1676.02619490723623130	146.58534254971576161	80.99881702234473835	464.93260078962816806	271.68867569295940712	14.13757469671402234	22.04695588959321384
ENSG00000167693	191.05895914176753081	318.74239773007548138	105.53188312296443030	127.98961432807911365	357.79987296180587464	2445.16555705977089019	870.45816703484763366
ENSG00000167889	1326.45844533112881436	148.33540430584110936	344.71964324755083453	3161.85549491484152895	1074.51225313557165464	114.82148473144121681	137.83594575012014616
ENSG00000168032	1514.31512563405499350	158.69835232446951068	138.77326818588110768	455.02918144069639084	183.06315502593989208	149.87826755648973176	23.92826911748885621
ENSG00000168297	938.32832293533169832	1586.88197006396171673	12185.33165478080445610	589.30411823428755724	11.95394426290971346	33.39471849407114945	1069.06378487330539429
ENSG00000168314	114.85908340518322746	637.22962183476738574	30032.74969229503403767	1346.12097775631377772	1093.57735347604625531	1053.97857388464080941	1859.63189561249623694
ENSG00000168329	65.87266982011499294	73.71927280536421279	29.34360374485410006	56.81425822015868476	66.69782116808762851	122.26647065000089754	5298.07850548993155826
ENSG00000168490	2064.98837046879043555	870.30402955270983512	2911.55803890879269602	11433.04539364089941955	2343.07755174849353352	2189.43045312027606997	1931.01130505333594556
ENSG00000168546	619.37311560045600345	164.30950573521599267	349.17897779964130223	1629.56588274200180422	260.61778323023173698	344.86943143979937076	211.77755031525370555
ENSG00000168575	1921.53984222176586627	1074.22303157679471042	1764.64886104199422334	1893.99398487917915190	2341.96871492522450353	7327.09374511111946049	936.07669525155210977
ENSG00000168710	1750.36270119597793382	937.31063052493288978	1985.65901058434656079	2436.93611697895084944	13641.39615909970598295	1541.73133990179394459	1386.35363566164869553
ENSG00000168918	123.78916579324368286	143.72843430448259028	89.10309315597160662	169.09396981677960525	176.40756935245619275	1635.17669183371344843	4578.91607651906633691
ENSG00000169064	176.39712382661261358	43.91828345108635290	106.25529162891068324	1200.70898723373693429	90.46678970639023021	57.03431312348016746	39.31590034914870557
ENSG00000169302	116.25029061978304412	1580.21381527458311211	11.56016605377730855	95.66805843251198382	189.52398287367967100	47.56039567559872694	69.49134159906478203
ENSG00000169313	0.00000000000000000	0.00000000000000000	106.58942014460073722	119.33463438415540736	82.70321566352062348	0.00000000000000000	8304.96447291078038688
ENSG00000169330	1071.11362878093927975	72.60717040022498736	24.91239136729031145	67.85147219038097433	0.00000000000000000	3.74255950332289000	11.08953198367002813
ENSG00000169432	375.58744996792438542	1115.56020588849582964	0.00000000000000000	101.46865470771510331	0.00000000000000000	0.00000000000000000	0.00000000000000000
ENSG00000169507	30.34561670686241186	27.67297320397075922	74.13866425011718775	459.27167647433037700	51.22055674757798727	2726.57332306563239399	17.35994132676388801
ENSG00000169783	1319.85744521684409847	1345.79592548690357035	783.20794735567176303	5529.97961099698750331	369.05072339099837109	360.72484950686936145	209.33842557293021969
ENSG00000170074	308.20416932068275173	23.00828341057334825	52.98510589253901770	688.37627713279141517	87.54711863753215084	13.72854655736759533	12.27169990934746124
ENSG00000170677	0.23580853666115975	0.00000000000000000	796.17127038489968527	79.70350391751671282	0.00000000000000000	0.00000000000000000	12276.53484862797813548
ENSG00000171246	989.08084749245290368	693.45103920400083553	2065.04147271919873674	7183.61074092692615523	1196.20015395690279547	1493.98670892561017354	1430.81354591891590644
ENSG00000171509	180.61076137003686881	93.98485695416236751	336.50548606506043825	1937.79161004330467222	190.30072946983830207	203.57001129819104790	143.10278745316563231
ENSG00000171617	4729.00003080086753471	2911.68884079763029149	5683.37815773275087849	24497.78479248944495339	4630.52559355383255024	5530.09466429840358614	4320.22530186911080818
ENSG00000171885	0.00000000000000000	0.00000000000000000	3263.81466248044034728	1134.33243065898318491	24217.20821022929158062	610.50574323777721020	737.03439690138759488
ENSG00000171943	784.37351115329045115	0.00000000000000000	150.85323061350905505	237.72901277777825158	0.00000000000000000	719.59113308309122203	6823.52468651665458310
ENSG00000171992	1049.96296592210046583	392.60571004425008823	1264.23025195613490723	4838.38330457651591132	914.66624212453893961	1778.27368573729427226	860.36599264855692581
ENSG00000172031	417.40731396033402234	98.29403005497562162	124.31772481269240416	842.04080749945512707	148.38112393334867534	198.81573143138572846	112.07656462312934309
ENSG00000172209	481.92966004261700164	0.00000000000000000	161.27532590160103609	1313.74564366317622444	135.31350281592781926	114.94569801311865831	175.78505076004992702
ENSG00000172270	1818.85326185616304429	0.00000000000000000	1115.57645279011694583	5140.61109599276096560	5381.68230259115898662	26811.65401721577291028	397.85542234248487148
ENSG00000172575	567.82335579340747245	125.90277381470919238	446.00545533031413470	2173.14534505973961132	369.16027232088856636	585.41292184559529233	265.80007433170527520
ENSG00000172987	381.29409504658536889	132.24440378073168745	283.77253925018914060	159.31405867477394622	4462.79645699728462205	123.78064546628431231	141.40864007414359094
ENSG00000173436	585.17255189174341012	235.87523375373822887	485.88158775234870745	978.67873359233055908	548.44400852372552890	671.65407363721760703	2595.94029407421294309
ENSG00000173638	243.56536930065666979	153.49213689757786483	124.79233428508621273	187.46246051130418664	289.27121857220311085	4513.38920728284119832	267.03186050623708070
ENSG00000173706	287.12130206048436776	354.08278054726639539	680.44450788963092691	27.59188730118275146	1033.51449068053170777	5831.22936909382497106	530.65639351123104461
ENSG00000173786	371.79133806228043113	2597.41735199660797662	27712.80666030909560504	2517.71196774860891310	1361.81343667249279861	1268.43060672000660816	2380.62383871001065927
ENSG00000174145	584.25782366375187848	81.37451867043954223	126.77538828708681251	2174.99093609809324334	54.34854380052407663	62.78670756871422753	82.00514083075205463
ENSG00000174473	8988.76260714443014876	486.81276922252612849	181.93686880464903766	1056.96619469299389493	343.72119103751612101	147.19944058617565474	0.00000000000000000
ENSG00000174514	652.95244795573648844	293.62517915723049100	666.50283995838617557	2720.70207651833334239	620.35674711363378719	619.03708802153573743	400.61424868458988158
ENSG00000174607	78.45368580393049740	1918.99245638561455962	7525.83636362632205419	92.31272183742638049	104.59938105407586306	8.03421542433874869	471.93885275314283945
ENSG00000174628	435.64106015295760699	309.87166254154357148	452.80647155484575705	288.73710374500586795	1827.84065152719449543	189.43894483249979999	20.36502440336981223
ENSG00000174945	246.94133680162272526	1582.21512793412807696	226.94188929874152905	217.55284519246851005	353.67934388324664496	220.99392083747514448	161.25027602102707647
ENSG00000175352	3068.27523171021948656	316.47338326810734088	416.99695804140020527	1290.81403689352714537	398.94361827675652421	435.57830096997349756	227.14734452968613709
ENSG00000175426	274.74674718173218935	173.02678551684115860	549.11174348291331171	2683.70174662143426758	481.58530783984787149	485.78625318335889460	478.93088872326507044
ENSG00000175866	832.51756318670300061	369.09780145055839284	704.24662750707682335	3352.09398373042722596	1362.15736790773803477	1031.33779876414178034	872.62940969397641311
ENSG00000175874	2194.21744736827395172	670.77101591904647648	2194.07217954349107458	9364.56047502845831332	1626.83165720156671341	1526.47773837372460548	1242.93767246249285563
ENSG00000175928	467.78894311816947038	2991.14472071759428218	69.67557513558237758	553.88188925039310107	463.86814684977809975	21.41859128666797929	31.67834553282457222
ENSG00000176485	0.00000000000000000	351.89459230901013598	6466.29719964712330693	530.55031421245962520	983.99174744015442684	2028.66533811546128163	1387.31926536786022552
ENSG00000176490	1608.08884260240847652	266.77119284198982996	1057.40725849023033334	4196.28800399779629515	945.98916338500464462	789.56531472313940867	594.73655404279918457
ENSG00000176641	373.54512270954182895	0.00000000000000000	110.09041072399691075	137.92177619358045604	0.00000000000000000	6687.10937496209317032	0.00000000000000000
ENSG00000176769	456.20115070102690424	91.37139230116690669	131.97108046017450533	1116.74702945144485966	96.36877681241129778	191.53419066914011637	58.75846454514502426
ENSG00000176928	5.62125797041101016	89.88752082452496950	69.64436996001691682	948.77043322583949703	198.25807845043627253	192.89666150270267053	52.16116475441611300
ENSG00000178531	0.00000000000000000	0.00000000000000000	776.74877123931469214	5047.17753530262962158	856.47972422591715258	562.79057243815907441	507.37403279267027756
ENSG00000178573	1222.04347431334099383	308.30598221741587395	152.64231668217328775	73.90727281425105843	327.00889307730687960	609.42819901796178783	5252.30566088614068576
ENSG00000179314	347.55896701238214064	1797.40645798483296858	295.77519342898972354	178.84292256297754875	334.80572884675200385	141.49791795148564688	141.97016714731071829
ENSG00000179399	288.80557501062850179	317.29185692754032289	107.02468002038308725	196.56411368154607544	14248.18443702552758623	3141.65506273208984567	72.25979130231867487
ENSG00000179603	687.94278653375306476	166.54910706812273702	0.00000000000000000	987.97715878067072026	0.00000000000000000	3323.72709570027109294	34.38245557122131402
ENSG00000180155	1636.35383498938426783	527.33136326646717862	1391.40890693845335591	5773.27772581597582757	1454.99465305274088678	1278.84255196475851335	1126.02829255843494138
ENSG00000180875	1627.30498060853369680	114.49166472451180709	79.92466500342121094	352.57382675046221721	119.28755892499340518	214.96215220478413244	34.11625270919815733
ENSG00000181072	3359.94086731130391854	128.10139129880801079	45.66300485449902169	366.99341923543073563	94.21676668440743185	41.32686475852161578	0.00000000000000000
ENSG00000181215	829.24482032046796576	0.00000000000000000	173.62187160456895185	1946.30651866667517425	247.52277246309904513	63.30963089569439717	96.36935266254576504
ENSG00000181234	1112.92861674651862813	3127.26810816843362772	467.30172891620389919	497.63970755445990335	577.39694986240601793	1496.83739628847661152	233.94219306272492531
ENSG00000181409	1962.93105645127161551	622.95825597224643388	11121.40704688516416354	2665.71834779801429249	700.90299640722525965	0.00000000000000000	596.81874065738236368
ENSG00000182175	162.33629319658413692	441.40020536611837088	449.18280936554361915	696.05280770163460602	5343.90826793905307568	268.78288874839006439	177.08868067915236111
ENSG00000182348	257.17703318117565914	0.00000000000000000	0.00000000000000000	1031.00024275649866468	0.00000000000000000	0.00000000000000000	0.00000000000000000
ENSG00000182578	122.45090146714682078	164.61551149798421534	56.25342504567226598	138.86790831660610479	145.49400935874209040	545.25514113102747160	5761.41170471324312530
ENSG00000182601	463.10688494440194063	237.61197439147520072	462.58618031777717761	2082.83738772035849252	267.71167968900402911	196.12732589780245007	4475.27508202236276702
ENSG00000182674	1013.96223395385482036	116.71213541345895237	179.77267487697446313	2103.62614409921798142	100.65806418556485369	112.01525123159456143	62.29268882006713426
ENSG00000182836	2897.80901234193333948	166.46089004839072345	223.62268005778742008	778.17422390799174536	262.58789366428976564	191.26090089848236175	742.99653563183198912
ENSG00000182870	967.06454402044982999	222.92367997450440953	426.38204211748109174	2383.84241228134715129	576.77075286952594979	382.08053643026073587	369.09181444211401413
ENSG00000182902	151.64449054325200450	554.91652748882120250	748.94756164617535887	363.83479798387367055	7401.30368769899178005	261.30193416356678426	328.86196888013057560
ENSG00000183166	7148.91869284699623677	427.62364439169107300	342.28613825954175809	1898.97031729159380120	736.24261654027907298	0.00000000000000000	116.78733308065582719
ENSG00000183230	0.00000000000000000	0.00000000000000000	33468.24157389857282396	0.00000000000000000	0.00000000000000000	0.00000000000000000	6914.13858448695464176
ENSG00000183579	241.86865727995092357	210.43002129816309775	0.00000000000000000	363.99993189375840075	10518.39832065185328247	526.20798838786822671	447.19653934009778595
ENSG00000184113	70.74652175816699184	95.20572069313637087	246.00881160800727798	217.98604003807048457	185.70966988599002434	7266.91045056498660415	97.62507608510854595
ENSG00000184144	674.92757297296827801	611.05762578424162257	11768.66022001322926371	1647.27001497049809586	510.38380288726074241	243.62610854931443782	575.27801218565582531
ENSG00000184221	197.48760421897486594	2835.93049545669691724	1196.66770627069195143	328.80334688179124214	339.85400078509138666	229.91378795213964281	220.57398512930458878
ENSG00000184347	500.13955828458574615	168.22541677663176074	392.10991281341273407	2174.11490552580198710	199.55449793737773234	1315.11774711049906728	109.63478155995663599
ENSG00000184602	942.71219881202023316	513.94270608846750292	1000.24073495343259310	3935.18076076023407950	1415.11433478608887526	975.30879519183577031	942.39530008071892553
ENSG00000184613	3221.49987476315982349	1890.22826593983813837	2235.80764993332468293	14413.33407554868244915	1985.33692707418231294	1841.17396126568883119	1376.62971593556744665
ENSG00000184999	26.92328550142511290	9.90464783564821971	45.44653959020343592	663.47033514830980039	28.65145393417584785	46.50845454085801833	12.65855718025452781
ENSG00000185518	2275.52384160291421722	1249.96628643302778983	3281.27760014260775279	16793.04554861462383997	1787.74450491910806704	2336.78493002549885205	1585.25446064050993300
ENSG00000186417	251.99528899242878310	53.49911251258627942	6817.89195387601102993	386.33960071971893058	0.00000000000000000	0.00000000000000000	3525.61523735141781799
ENSG00000186960	382.76516868042438091	115.69544109176186453	129.87078633362924052	643.81903766219727459	235.05076823029818911	99.04543455139442187	75.83019926055295912
ENSG00000187068	512.16754838624558488	2177.98266521607456525	0.00000000000000000	339.86936150447559157	710.27302887300118073	72.72289753578066041	104.06308080863043131
ENSG00000187094	3156.87144777159210207	625.01315976853527445	2409.28210003157801111	11942.69252011562093685	2879.97502644012320161	2249.90521401766818599	2303.13623807392013987
ENSG00000187122	1612.39544655540089479	815.63238828699502392	602.20765778369900545	4352.17922844116492342	563.72751981552346479	470.88323170734889800	425.48478084530319165
ENSG00000187123	1630.49280256507222475	188.78008909066460319	75.72215257282238099	127.85146567680658336	591.61167687722161190	63.84986600531426149	41.20515822277508988
ENSG00000187147	1318.46200418633020490	1375.78932765396370996	27042.69382006628075032	2260.63709880643546057	3300.00105479618559912	5278.15748640924175561	1066.59793593483004770
ENSG00000187323	721.38226977398039708	4971.17545966088073328	0.00000000000000000	2355.22553350846465037	0.00000000000000000	0.00000000000000000	0.00000000000000000
ENSG00000187398	1510.85771173021248615	5976.04506836506971013	152.20866331836697327	590.37672131633928529	591.36269132286054173	109.99493588709384539	102.31926673991840460
ENSG00000187416	888.21973073518017827	8549.11535977113635454	66.43441929293963710	501.76652641073303585	273.03757936783773630	115.93335971319470445	396.66515504704551631
ENSG00000187720	896.22078098298777604	68.55010309543852998	58.73226685874224273	217.47349808951261707	60.03460646256352362	3458.45747709951729121	46.46654546427568988
ENSG00000188153	0.00000000000000000	0.03290203589902672	7864.30086782221587782	44.88234613808072737	1333.37893953810112180	1263.35489991536223897	591.06485192855075184
ENSG00000188906	212.34205526764910132	4620.02812115495180478	0.00000000000000000	697.60900440525961130	0.00000000000000000	178.27584621831678646	94.89764730141629911
ENSG00000189056	10011.48153707889287034	323.35430041309882654	268.68878197359134674	334.12760457485262577	79.54167564766237319	255.44892491926484013	158.25048250816820428
ENSG00000196132	289.16235740484216876	1434.54635769192805128	33.46522488319153155	117.00572083137350887	66.80722592933861392	26.25658518693343879	80.04421335865427523
ENSG00000196187	52.01854994441592339	271.56383746607349394	5340.65966982195004675	161.93547147443030099	1221.54186280156932298	971.72409096430692443	867.00928388320858176
ENSG00000196218	973.61674613351385688	218.62866516280234919	40.02071216787432206	223.21839287695343046	1708.86091387646433759	27.22636081998172486	5882.89546025278195884
ENSG00000196369	358.91123829071545970	0.00000000000000000	0.00000000000000000	106.53112001761904537	0.00000000000000000	410.34184525225060725	7137.45779123493139195
ENSG00000196562	555.68430128747741037	3631.00393819590362909	128.56071757751368523	522.98232292642546781	258.95782279425088745	799.13633029691959564	337.34316491890893985
ENSG00000196569	0.00000000000000000	0.00000000000000000	724.76027205983177737	1579.68477913566721327	0.00000000000000000	13684.80659183988245786	18.23096088824878436
ENSG00000196782	846.90978619110262571	0.00000000000000000	364.94036790027212191	216.58949093540621789	0.00000000000000000	1080.99185095973075477	5800.73111241556398454
ENSG00000196872	753.41328355989890042	503.34788689514715543	763.74288032832225781	4548.40803290325857233	559.18655885580608356	887.41697358353405889	842.32809596790423257
ENSG00000197360	22.30746862188640023	118.26934367589235819	116.60698872471530763	79.04245162125762647	2729.28562096486803057	24.77859345189898477	148.88628516764185861
ENSG00000197430	82.85655634702141015	231.00817100825017292	7923.94287557069856121	461.31937024531555380	336.53571717888985404	321.99425356770711915	555.28402430545190782
ENSG00000197584	919.15706729358896609	2451.13534542083243650	45.25091251994201969	303.65104138132454636	46.30805807633547744	16.91249896879791592	7.32330062643743851
ENSG00000197892	490.86173379148527829	698.40827937600943187	9158.74165203852317063	203.05925863013106891	188.01856703888503830	1756.38774759292914496	2285.59479471152644692
ENSG00000197971	0.00000000000000000	5477.93121647334646696	240386.55108609388116747	14619.31883162537087628	0.00000000000000000	0.00000000000000000	40431.97838718809362035
ENSG00000198732	424.91984137051900916	3751.46004998746730053	470.38492410429023494	227.77167460291579459	364.81633696617433316	113.95118161109159871	232.60819383514544256
ENSG00000198785	3184.93811936488873471	129.86148882976519303	84.84132976801660675	480.18839467040260161	163.14809832236338139	83.49467623284236595	17.39757952424354670
ENSG00000198873	898.50690510696006186	228.50662667222209734	15.43491781782883443	450.45339618582227104	57.52421227023038597	3808.55035141433654644	1118.44000636362625301
ENSG00000198879	1549.33634713360106616	0.00000000000000000	836.32749874083458508	52.36412201419224033	1779.15722474469271219	233.15993019333697589	18548.15103013778571039
ENSG00000203668	343.29974204744468125	0.00000000000000000	205.99105490223314519	1683.25384076726868443	101.07015075149296024	212.89412686041120537	90.72402510563070166
ENSG00000203727	1837.25338956452856110	75.42489182135749104	49.17727673311358672	270.12112143348406335	60.86587734774866476	129.44727774018539890	14.83958524925236411
ENSG00000203805	183.75799067585151647	948.36988703400697887	92.81935420067266307	72.57137563759393117	142.14848432875970730	28.31741109543667179	52.54784863843529763
ENSG00000204592	262.23757492204970276	367.41179397233474901	716.36240059537135494	438.91168287480974186	1333.76788897564574654	8769.52118293328385334	2127.47725475972856657
ENSG00000204655	43.77506026294471297	450.96223229778587438	10204.55566590068156074	367.78985842650695304	233.15467435035350263	227.01752936651593018	424.61497252213757747
ENSG00000206190	245.97533441932225173	217.97181239906257133	269.77794886822863418	267.50119073977913331	119.30797997308499703	7624.97139051131944143	89.55366368661674414
ENSG00000213949	166.13467493166834288	41.72488122676670486	95.56317174254699864	84.81301559989705652	60.25911940128484190	3177.53263170805303162	37.33200247155729556
ENSG00000215218	1450.55967082191000372	667.12031394621578784	730.47769194851332486	3513.70421213980625907	672.02938558232085597	632.80225758170035988	461.14009779515254195
ENSG00000216863	196.52036892933645618	127.46841644028938845	295.26975831415359153	1984.74704037770698051	157.79196461379643779	264.00323017900313971	360.84894518882305192
ENSG00000221946	247.46502769104642994	0.00000000000000000	414.00460246665386421	3060.56545046577093672	466.75880408191454762	150.50959717103413027	194.64004264179237680
ENSG00000223812	84.76585164662182592	93.01756597143796057	105.83627938635031285	1016.92127515830452467	73.81783989005738533	94.64806615046204286	75.77184075156036158
ENSG00000224271	161.25241057739700068	112.57274568541659221	256.44771395832208327	2490.73382784028399328	137.35671673275311377	202.39927691173383550	91.02358189382097464
ENSG00000224819	0.00000000000000000	0.00000000000000000	24.44192083933290505	773.33853325810650858	1.41814167317584983	0.00000000000000000	15.53366201542674219
ENSG00000225206	487.53272748063341169	158.34740210273704974	139.18421318976700718	1876.60238927783552754	0.00000000000000000	0.00000000000000000	27.55172016908470667
ENSG00000226476	0.00000000000000000	140.29350008116892923	0.00000000000000000	179.28976462721033158	2348.46672199539580106	0.00000000000000000	45.78271405984278175
ENSG00000227082	780.01531377886556129	292.21672651130080567	60.08837236585326735	204.71455246570133113	0.00219291922803168	43.98764406400655247	2629.66719491514231777
ENSG00000227088	0.00000000000000000	18.50102953967787300	1413.01487113183998190	17.20682512026347410	0.00000000000000000	0.00000000000000000	91.81584142245974078
ENSG00000227115	303.06907596775045022	73.27527889843420894	2049.37665919614346421	60.10048897259870415	42.50973901733645022	23.15925261172015936	111.85735419593783035
ENSG00000227220	39.88553562520097984	211.47783307076957726	21.80078668735423975	30.43881903229957686	16.73319625400471011	61.94165979254901089	7.05857483917072859
ENSG00000228566	166.47135907711020764	192.38563635023109555	157.31519732168231940	1244.49939083931121786	110.35994993150720234	143.90517557152415407	81.25934245319099603
ENSG00000228624	162.43283605897008215	89.54425182001128292	2435.15096809168699110	196.57570683128955125	0.00000000000000000	0.00000000000000000	423.31149128290792305
ENSG00000229618	104.16039085241810369	76.22188201300386368	127.98446651052121581	1467.26328950776178317	103.08152997395366413	129.41019019403145762	57.77160368456161876
ENSG00000231871	66.41037766991324531	280.69790488016576546	43.02562921935145113	50.70120822297559471	63.25234750345822476	32.46320905375456789	14.88445206218617045
ENSG00000233928	316.03868562902863459	46.11243740205190278	110.55772130063839143	934.56376933409376306	63.48850821451331683	128.31012361475399075	57.53360700615137091
ENSG00000234377	9.24362949793058242	54.98601412197590577	164.65128523847698716	141.44515892298193194	6904.50252057441139186	0.00000000000000000	204.25225804316011136
ENSG00000234423	177.66586809726808838	9.54251307442510388	57.48110107299176263	850.20658848025072984	29.12482560347899962	10.82243715362822556	12.78018318889657579
ENSG00000236197	63.94731851047548332	104.45515789665964235	79.09009895247888267	104.96902648146701154	2061.93130693026887457	10.13404627959755722	68.67185939113919346
ENSG00000236451	26.25934628849381980	15.44992479421419773	72.53970013241936954	1077.12955837336357945	40.11669320661241045	35.20663344510472115	40.28355118484316222
ENSG00000236790	0.00000000000000000	0.00000000000000000	0.00000000000000000	227.38167261034558919	8461.66584107090056932	0.00000000000000000	306.63788881351206328
ENSG00000236963	60.21653888120222575	41.16172309795583573	10.52418007862020843	83.87799054573999058	37.24823418653270579	48.42108848582517311	1641.36266015461319512
ENSG00000237720	257.74836707544073988	99.31142540398190022	168.47243452126753027	1489.48753405879438105	87.33907536115290782	155.71379181761852806	41.49024536011959441
ENSG00000239498	4.83753664339806999	0.00000000000000000	31.03506664754581834	558.40911067768570319	19.07538781611956935	17.72305113534493870	14.62035769533745011
ENSG00000241684	1156.96984788716849835	112.10324576657345119	0.00000000000000000	0.00000000000000000	234.55247032586296996	3541.59651360858379121	0.00000000000000000
ENSG00000243069	240.89621995163912516	530.72911518904027162	108.89924402834243722	99.25277154483590891	1977.57586386957473223	0.00000000000000000	69.04805477243441203
ENSG00000244128	880.41395037614313424	1451.75093411469379134	40.02970664097350095	410.91771233174375766	0.00000000000000000	3.85790439853734668	0.00000000000000000
ENSG00000244694	5531.83317686500322452	0.00000000000000000	0.00000000000000000	756.85285449343109576	0.00000000000000000	0.00000000000000000	222.00815904420372249
ENSG00000248455	108.81803030267059285	69.48456385693542359	177.83478843781713863	1091.04670271219060851	111.13592300634410037	142.52641225470100039	103.13922631973740351
ENSG00000249669	55.52677361655941013	73.39338817709143825	64.88817709664402855	58.65183492869636694	38.36415464638761819	3222.20552553085690306	14.01321249187942719
ENSG00000249853	513.51988243128062095	90.96942591476131668	1560.24956535046339923	719.04560105989492058	350.81136576734758137	102.87258617787298931	99.56520678345145825
ENSG00000250166	107.37951163242144048	9.70181772387192609	9.78795118509872886	182.85946212177154280	848.46637101972817163	0.00000000000000000	11.47446645461637083
ENSG00000251141	381.29250035658782281	155.25269912859076271	249.60412740178816193	1129.21706296123943503	181.58488021815526281	77.17669635436450903	56.66663093684945807
ENSG00000253554	910.64502703185735299	64.79140631193403976	46.64003493772207065	329.77579053164350853	116.67666059427760672	57.10353532793366327	14.29306394586252615
ENSG00000253877	0.00000000000000000	51.23776330590124672	4129.53008034127105930	47.91964633095160053	0.00000000000000000	0.00000000000000000	222.92536428840006124
ENSG00000254087	49.08350203012573587	107.07419521923947059	16.99387660201549011	34.56227678639726975	407.91994326316114439	335.10842968788813323	2746.18537594749795971
ENSG00000255595	443.49738460755929736	54.85582353494009311	86.24754258297996046	820.81797672583343228	54.68551836677924882	85.05837093912232660	33.34697331212822036
ENSG00000257585	0.00000000000000000	3.47292202459573796	1546.36491166747237003	0.00000000000000000	1084.01489492205405440	0.00000000000000000	126.48270870041835678
ENSG00000259048	0.00000000000000000	551.86471338644730622	104.06038328348938649	34.39423428089386192	0.00000000000000000	0.00000000000000000	0.00000000000000000
ENSG00000259070	0.00000000000000000	890.54374431256439948	2630.19801972008372104	0.00000000000000000	0.00000000000000000	0.00000000000000000	143.12824860311570774
ENSG00000259905	3307.69847886825436944	0.00000000000000000	229.13304421855906412	168.87218361705095049	0.00000000000000000	0.00000000000000000	0.00000000000000000
ENSG00000262655	2182.96195018698790591	700.97273687524136676	0.00000000000000000	67.46243366654846341	6328.12591106891159143	0.00000000000000000	130.15547254714925884
ENSG00000265972	108.26959629529551421	855.01708854659716508	930.05200212191266473	171.67478546091928138	543.54022422069169806	4182.50367525860656315	1015.80856506796249050
ENSG00000266028	2058.03250775851756771	1047.73744525749521017	782.94030790179203905	1227.45386797757555541	530.20749741386066489	2241.03092936250050116	11948.65028782940862584
ENSG00000273032	1797.39037041949632112	366.89258005461874745	589.59824040205933215	4013.63904232708637210	697.73702543995159431	606.35708822645494820	343.86812240076415037
ENSG00000273409	15.22331418866938613	16.84438054478054525	0.00000000000000000	16.50505760699627800	7.97710599218635430	17.62928786491829314	827.61197797184934188
ENSG00000273749	752.18626979617408779	179.45359561702719020	313.39139549345202340	716.34369883319300243	389.53441256291790751	1444.67915301287621332	16049.26253146669478156
ENSG00000275832	695.09357807139042507	735.38651113052924302	6286.83843970788893785	681.75684548225649451	1820.30963311944378802	731.69149287739844567	345.40521490969013030
ENSG00000276644	1008.43074346609137137	0.00000000000000000	0.00000000000000000	633.71494959364360966	0.00000000000000000	2685.13928087517570020	55.68829839884164556
ENSG00000283154	1350.72830216709371598	209.69773560791466593	551.17081477334204465	3833.44014814469574048	213.27801613281854998	345.32075462250935516	149.14683477719660232
ENSG00000285051	119.76346837193311501	21.12684936483601561	2756.34203974258207381	103.24353633449696588	69.32076102153871489	440.00479801149401737	141.70915403822030498
ENSG00000285939	48.26470665425978268	8.97362928300772822	61.20788759071808727	672.68518710816886141	28.78713426580180013	24.74606775591072960	17.81086559471009423
ENSG00000286288	127.24075958941973852	44.27459053659320887	175.34557217057874823	373.82283843525834754	2627.94300303153522691	13.00892294385697845	192.84450631006842514
ENSG00000286749	0.00000000000000000	0.00000000000000000	2834.50882056495129291	0.00000000000000000	0.00000000000000000	0.00000000000000000	281.01537923024352494
ENSG00000287151	337.04446679929139918	1134.91599745470421112	0.00000000000000000	160.29306364916837424	0.00000000000000000	91.79181533837893880	0.00000000000000000
ENSG00000287720	174.57903131793560192	530.96026470720255475	25.89232768982084565	186.55152379631175563	135.32603177886045387	12.72688473980707435	17.18883262323521066
