NAME	Inhib	Oligo	OPC	Excit	Astro	EndoMural	Micro
ENSG00000004660	621.22093017414795213	334.72853202914558324	111.12121626098164029	2174.11596493076740444	485.24406881533639080	359.28159153471438003	472.32949199146082719
ENSG00000005020	866.57402591804498115	453.79680811222277725	113.75917973464368060	1758.93396148727606487	455.50097957565031948	771.30252610219179132	5110.13177202984479663
ENSG00000005893	731.18016355150314212	4992.79730410622596537	816.47273180410718396	905.44238503579663302	1093.84681629735064234	727.67422353021049730	870.08399449301202822
ENSG00000006116	2082.84315745441699619	554.81801888524421429	152.15546842131996641	4677.58771409077689896	422.99678720190689774	372.98474964812811550	366.07081906592270570
ENSG00000006283	1387.40195176965130486	85.23659503122188141	414.17054782090906428	536.14718757946388905	62.42341696359042658	45.52454816547736272	57.03351949461334414
ENSG00000006468	484.15328535539583754	350.74297383735370204	2797.73389934769193133	1533.21426095441165671	1075.80452765490986167	856.06795635061098437	310.55535534137987952
ENSG00000007402	1425.68253653443002804	64.12934347790594813	152.33428496462505564	290.86157058921054386	138.88656909124514982	123.52667306434837258	32.76725994192300107
ENSG00000008256	2320.47355778616292810	427.63746787292279805	617.00281774274219515	1913.82290849826540580	698.36516590909150182	6076.32489405129672377	1729.86011682457501593
ENSG00000008853	558.93200706905929565	309.05933039028769826	314.50688767363493525	1995.93622687786000824	737.68899131561408922	712.60493702014355222	364.89825266471456189
ENSG00000011083	159.99428170120035020	141.04791037154240030	60.39020648695723281	1181.03928858777931055	138.87507813855225436	111.65125188802203127	105.00636869420281982
ENSG00000011426	192.69947220082977424	3659.34121658131334698	97.11868141980501434	197.16848816470266570	211.22376203599543487	147.29147927099100457	187.38028196505266010
ENSG00000011465	399.50760525055142125	83.49026424535443880	19.88317540208183232	90.09099462288907034	120.53827881108570352	4268.93509369592811709	45.09898233522114452
ENSG00000012124	37.12688983507874241	2964.12638196657508161	80.41105163321152816	71.12830294318283109	57.02709832589089700	50.90389501152763785	117.29137160840716092
ENSG00000013297	106.47996479145118087	4430.81067719299608143	114.45424030729785159	198.25066980411068585	252.35191840212817738	454.29178594284712744	239.18342392000991481
ENSG00000013619	598.13329188267471181	208.34907662003124074	2197.16935207838150745	803.28156450401593247	973.91900540680057929	410.29747644339215640	65.11990357353904812
ENSG00000017427	3278.81798622019050526	70.97374301905711036	92.48374005734454784	106.52517297107988270	69.50410142096755806	56.72140565670911627	893.14855178102277478
ENSG00000018408	270.08962395430660308	397.74711324471127227	265.33657676869154329	321.37354738300962254	1354.48116986128547978	6567.63101148196165013	186.66234997548812657
ENSG00000019582	29.34389944163233110	202.95918024652630152	42.90770203555604212	98.90554981366710763	99.01545918123993317	408.40651126689408557	4263.18760712266612245
ENSG00000026025	29.25105354169061656	289.74695597412653569	46.66087805943244149	164.67550666988844910	833.01310688174794450	4138.30218609337316593	234.30298073219836397
ENSG00000026297	1139.82111187665054786	170.92175827828515366	288.69883689885398326	477.84431186738999031	347.54604111097415853	251.71984690039275279	5636.66709041561352933
ENSG00000027075	198.45131379645556535	173.83566439029340245	107.06811704320462297	220.88285053469667218	70.61701781595573379	9150.72077993279162911	2380.11084077690429694
ENSG00000027697	562.39498847138497695	371.81743153717337691	312.06363206573962543	410.77974148958310252	249.61561133699419202	1224.16550168712751656	4094.58076067567071732
ENSG00000028116	73.52999743903053798	3779.72428057208571772	499.11020585007878481	107.96794405651722570	125.52893807330606535	1040.37844444402207955	1178.25961080609158671
ENSG00000029153	471.12937283127297405	164.56311587416570319	200.29237864452724693	1584.09231313434497679	94.73739759683991224	307.36529764802622822	123.42736866214944769
ENSG00000029534	5056.43722765752045234	131.99574762600661870	228.11881241780426421	500.94108738805306302	112.65430950793196985	159.77569278555179721	157.17279347174928716
ENSG00000033867	2589.24198644432181027	456.51893336910114840	1147.43626198336937705	1119.18440414664019045	425.93137659536677120	970.33073254532268948	7750.86519647481964057
ENSG00000038427	358.33404373565974765	499.78611846474512959	24326.61146733022178523	203.42057201041473036	2535.24486625968484077	231.82322790537426727	173.78599873962093625
ENSG00000042980	202.76671236200778026	89.54406995056480412	35.56214878807973179	108.38225259663238376	37.79286976796640829	79.40161033667499169	9621.62797646852959588
ENSG00000053108	1933.95043495351842466	790.97468388792015048	611.44779292499879375	10395.89319387019531860	749.40451653757440909	549.98512466820875488	280.00144122076596886
ENSG00000054277	256.88309712528325690	206.67125372942902573	109.92808609094812766	1159.28020503424727394	194.97177109528240635	176.23246429922346579	198.84634704305639730
ENSG00000054654	346.46377954929988618	349.71091305084559053	554.41741600886632568	329.76476682135279361	388.89612405196544387	8409.49327681131580903	197.61552465449520355
ENSG00000054690	1301.06083568628287139	11231.71426531922588765	1499.07132844019952245	682.64615377357642956	729.18990447298085655	456.66708274813191792	546.09481351893373358
ENSG00000056487	681.27416186492348515	299.18698051196855658	1252.83236081217410174	93.55467664946894502	4727.63000221976471948	188.93237851398581029	149.69982953981377705
ENSG00000059377	99.14680138007092580	156.66639547432279755	91.64231739153638046	55.98130928894163816	213.96716147641097905	148.66998300190346072	9793.47480167033245380
ENSG00000060718	2209.65526961057776134	302.10504436428681174	8851.67040913596247265	2003.68721823585201491	1267.25345402955167629	530.98914682362112671	190.12223537823365405
ENSG00000061938	1248.75995731718785464	651.68145551648365199	4187.14946245838109462	1238.30233976941826768	1174.35015094451023288	471.16904308812212321	898.89238966257676111
ENSG00000063015	2031.53366800769867950	133.66244034537302809	267.32359492083918440	573.57124938059371289	219.92903130299416148	68.21281210123396477	114.21243096001438744
ENSG00000064655	500.67902896336772756	192.71895557426736900	1518.16570827080067829	64.24207110418699074	4903.82781736514607474	298.32785090213752710	719.07829469219029761
ENSG00000064989	86.06769925213859551	129.14124166102311619	3570.74423088133107740	422.12172862031286513	278.00168828058343706	1233.66937183622781049	37.07818632884767851
ENSG00000065320	189.65727559194240825	62.28480198384098543	4278.82056145542264858	122.97369098412262645	410.03045171081481612	960.90783852252377528	35.17957499084327821
ENSG00000065413	2395.81783792261012422	2402.46495664275744275	3565.20104621200562178	980.92244295278885602	1515.23881647398093264	3968.45673025376936494	12281.63346484933936154
ENSG00000065809	310.11394343132786844	6104.98880217358419031	365.94267282679953723	212.93915931923322660	337.03364068152984601	1273.68356848795906444	625.17579781407255268
ENSG00000066248	586.96636989516207450	641.49578926041078830	174.77686388830682063	3461.89787304139736079	508.23989624292062217	444.68645437169726620	465.48318869946274390
ENSG00000068078	38.20065417202051350	290.26241832809273546	421.93395109513562602	226.33690033793970997	5233.14921010088346520	148.20352486537868231	205.61837771548738374
ENSG00000068305	4154.28625707154969859	3534.02454657851558295	2956.64706683209487892	6460.62500469249880553	2361.18757144391747715	6593.60804785361324321	25338.71784585334899020
ENSG00000069122	34.04197278374733315	165.72310728533835800	25.62856067482681155	362.30777026661206719	76.38348491078545521	4796.66225538299113396	45.02423012885616060
ENSG00000070087	836.49541562999320377	1080.83509233041195330	447.86546272277132630	3391.48676292250183906	806.17328670976542071	869.11273745265827984	728.91044811019253302
ENSG00000070214	2203.42698833497433952	23129.55521387581757153	4477.40461441371462570	4204.74513209642827860	2425.17320943314780379	1794.66976293729430836	1800.23835684449795735
ENSG00000070808	2535.59110836849731641	2775.57038585223017435	772.58224809890623419	15240.90792546063130430	2183.34321584344570510	2296.83726666790971649	1565.71976878947521072
ENSG00000071073	1794.77146464357520017	906.04990766549224190	1043.80054171222150217	1871.61045157122202909	629.73044519535574182	1428.18151849181208490	7453.10594643810145499
ENSG00000072134	2186.42698115309030982	5957.25344195192337793	26724.76885752490125014	2292.44433202197205901	3301.17833578873614897	4070.36714426111029752	1681.61652390414315050
ENSG00000072315	3955.06125515605162946	398.06661399084049435	174.87912264341596824	1143.70419552713042322	95.78030612264065269	113.61188488330623159	95.66021857052929533
ENSG00000072657	2986.57838396569286488	644.76068917887050702	1383.25835537732018565	5348.85438718406931002	475.72439003253919054	512.32745153734458654	444.60746676965260349
ENSG00000072952	59.60434604648964552	246.55084625694834699	144.00571519275234778	139.39308379428990747	4758.51366013343522354	668.31924211773741717	213.61493654202479320
ENSG00000073060	970.95916424645758980	830.74784262340790519	607.88200886195011208	908.83355454734146406	829.55732347803166249	3925.57832049024273147	1563.78429786663446066
ENSG00000073849	570.95504538940372186	547.88960376081979575	2661.32752635660199303	1437.38760275743993589	653.93180395268734628	8832.69369614797687973	26445.38052541912111337
ENSG00000074181	19.77038602667021649	66.93037060146245665	21.79081512905887763	69.65523085661509128	132.23380006632896766	4714.12611785038188827	17.74693179526433440
ENSG00000074706	2234.02977475318039069	970.26344850993234559	482.33997245691875833	4328.63171215265265346	660.26704569201058348	848.41546956047636741	16317.25972069944691611
ENSG00000075223	6414.56946847645940579	1335.62234929811552320	195.76014026466441464	686.74545980090886133	186.17277197881765005	459.24513775318786202	169.81675209374478186
ENSG00000075461	755.26463970213706034	79.55734568557356567	4338.81011702794057783	160.29027424795143020	61.03695295724958214	78.42759629195982995	18.00317621736006402
ENSG00000076067	360.06592753213806191	244.28807164496467408	487.44153545516161330	188.56356194678738802	991.23120183012213147	3016.06687434823697913	648.71689482941553706
ENSG00000076555	145.51232027127835522	850.10920213406643597	954.83297927814976447	156.07085973947241087	5917.97996692559627263	1367.20908188227645041	303.39226396347760328
ENSG00000077420	47.79943082060728443	175.86344850370653603	134.82942070717646743	48.38906708278914692	93.62873065160286501	575.72839895205777339	17701.83339573524790467
ENSG00000077782	603.48381254047160382	389.47786138975703807	4060.69103812605362691	854.32782006699108024	1911.87583448658119778	1417.48044338693284772	294.40872325402864362
ENSG00000078177	2413.43369866500734133	131.62443705383546444	843.89840103720075604	442.70897171266176429	296.14759320502736273	444.98312592443789981	646.73338467270127694
ENSG00000078269	404.26567837459066368	5558.00718833817336417	371.75098290910261767	1662.61229727449040183	265.87742440599834026	789.99848345183761467	290.96975336592657868
ENSG00000078902	875.35353922093145229	845.24297944812064998	313.02603188841897008	2919.90489227562102315	905.70200818221064765	917.40439250084853029	633.16680656951689343
ENSG00000079277	1196.08222256483304591	211.25057138988415772	493.24163454036272469	885.20279769955550364	761.93030251678715103	547.71822985367100500	4905.78350001364742639
ENSG00000079308	183.32934007846134250	943.47467181021909255	636.14032082959215586	153.97791049876701663	1591.85511020241938240	5871.24135861449849472	191.37155656192481956
ENSG00000079819	4333.14271184287008509	3991.62302357076669068	1967.76509168996858534	6567.66778410541701305	3849.25699994334308940	3250.59098941629099500	19641.91882759276995785
ENSG00000080493	1311.56950415265714582	865.36143257150808950	1002.34235833965431084	1645.98669500781898023	14523.67519109776731057	1467.60307060142531554	689.83267374127353833
ENSG00000080573	63.14939332966064001	408.32422532245243474	972.90187616264540793	457.90615306869329970	9693.23492666893798742	1414.40661890628871333	482.04484387626087027
ENSG00000080815	1332.18501778668155566	5221.87037063414209115	1292.37254673196048316	1230.96279472297942448	1061.32469719383584561	1206.39746420451479025	1608.19378103763801846
ENSG00000080822	723.70506927545761755	3985.50384578570992744	465.38646620492824013	936.52220625346103589	519.53669018307107308	951.25080998501255181	552.20111951540206974
ENSG00000081237	29.43359230997687348	84.42220306890197890	49.27368081522143228	33.68601122342342791	65.58846420426758073	1837.95136880664199452	5089.28032129304847331
ENSG00000082074	29.24949150252321317	111.66509257920003506	62.85391408068613117	34.52068006246172160	60.81752784817481228	778.02764694546578994	7810.86929227410473686
ENSG00000082438	313.75207937768834654	317.27764199141097379	163.65387619860280211	1001.53637822984831018	275.08657831965513196	17327.76752404528451734	207.95910410792228618
ENSG00000085276	41.12744537429935576	193.81327100275521502	267.34228922607172763	76.52868232612154031	73.97790299999718400	11579.89405056478426559	72.86247409797358898
ENSG00000085563	593.61719714356343047	384.98166649245462168	136.24468575611760457	983.69903328447969670	138.26502830513510389	17251.76308543760751490	127.97639686163176975
ENSG00000086205	47.73401158714229808	3768.72961513689870117	122.46425368860383287	90.00705001765747681	123.78163035855509122	52.26044202081828871	124.09180370107009139
ENSG00000087253	491.23707539473309680	454.15358878092632722	67.31359037815131785	147.46008722168383542	57.52765710822152556	183.15035704654866322	4642.62305745915182342
ENSG00000089250	1124.50056709804516686	438.77652657597406005	2275.89117605905448727	174.07102556526035642	48.66054392472921108	281.11072933397838369	63.70268481590514398
ENSG00000089847	664.99063075122944610	293.37784154471484044	139.38631966080347979	1531.49155911302227651	851.34538834552392927	98.69741205223853342	221.79941369009242180
ENSG00000091490	497.70523189789440721	153.85481998037883500	2392.13888936597732027	651.88722348426142617	1103.23536214457635651	229.16678096253076546	108.19863014397846257
ENSG00000091513	333.96708943477602816	12519.29755751816628617	805.06718650482878274	747.68596948961339876	1082.79654497506385269	543.62311746447517180	649.66524408086888798
ENSG00000092871	742.59639393946349628	4234.29492922429380997	804.99178663275961298	724.56751353183972242	826.14511449815790911	695.89193656616407679	1473.89652390322044084
ENSG00000099194	530.76489720330584987	6555.12236727248091483	550.45372279039668229	859.08230473779303793	1932.87286809605461713	761.18519567256078062	698.53376587484399352
ENSG00000100095	4718.11380362768886698	727.56357045111974458	12397.36216578867788485	5041.32647656725293928	1099.34589279385158989	454.90782048410687821	416.74581759167153905
ENSG00000100142	944.53045425769619214	7436.29030161186256009	822.04571362391823186	900.42670318031878196	827.90128463671180725	567.51925104735130390	470.13928914058743658
ENSG00000100280	845.65708110336959180	417.76948275000353306	473.46088910018522711	1021.07122149736414940	892.42284209290005492	571.31753159732920722	3594.59957614911854762
ENSG00000100345	209.59125804734708254	707.90402146521762461	261.00689600268179902	1153.48472197040791798	696.79809616598731736	4501.33550498194927059	1490.27838749166903654
ENSG00000100599	178.22704086293200021	89.25661644577959919	765.41243407197600845	304.98043358253198676	579.48826126091114475	436.51050072783345968	4091.66753529195329975
ENSG00000100647	647.42147343343447119	533.13850434831374514	604.76140795129640537	903.12261451245001354	577.49661049857093076	1744.10547768437277227	4157.54949318704530015
ENSG00000101096	37.75681062672494193	66.38109632538140659	94.77660172167269081	74.09818164549015762	506.86172088748384112	813.12123315647954769	3497.11783060661309719
ENSG00000101311	51.10154467071115647	49.46779467017439202	4085.62241429421692374	47.72871377950909277	25.98465550031252036	113.77134191148560660	28.91978879604724639
ENSG00000101463	1822.29532585810784440	3262.90499391481307612	892.09583494811784021	3731.91235207866839119	545.50204530232952038	438.83898104775312277	23584.64763341021898668
ENSG00000102755	253.17284483779252469	373.77765809192857205	43.80337397874517080	196.48287562604224377	171.80272072269835348	28610.79201540219946764	571.02785590225710166
ENSG00000103089	48.90942955214880072	5316.47897947545698116	1618.61144689820457643	119.88334116682298713	118.57703284172811209	118.25209856034413747	207.83290492933699056
ENSG00000103174	385.00254865901410994	140.06927132296922878	90.38708262570388285	1050.25206358326408917	198.68805196947405989	89.79520348891688286	167.54158618674765080
ENSG00000103257	721.65763906080894685	260.99497304401080555	353.88045449593516878	673.92342949299597876	781.44342593407236564	8836.76957433622010285	532.42875520123789101
ENSG00000103316	252.25549291904238203	495.16433824288907317	150.44907970672343822	2005.61766000563989110	453.23087185321912784	479.04857678806922650	429.21909061057579038
ENSG00000103460	3415.14802131159194687	386.39790798990634357	932.70069173788317585	252.02941745459321510	49.28410977954522565	104.47254978347390875	52.18071585061458251
ENSG00000103489	4019.59845518474730852	1440.53535696191102033	27629.22394005061869393	4984.40784411146705679	1926.08828563613474216	854.80449165270397316	1107.37030664873100250
ENSG00000103540	930.62033956959760417	2880.11928402229614221	563.23110412721200646	1015.99476914348451828	622.52928529472012542	506.22939680924622508	502.94427306312275050
ENSG00000103740	40.89513150380128081	757.72364484561467179	95.74025250147846577	105.85030756002699093	5604.18955659315815865	62.86971441367429492	205.53350465999270114
ENSG00000104043	575.60852312988151880	143.88190960472169877	79.40258847428879108	509.17348105148118975	75.53393167541857167	121.99409772788251871	9880.63732040136164869
ENSG00000104369	745.78299871159049417	260.00057191461229422	198.08273854111604351	1666.84196674710528896	194.85891253865128192	134.59530510610241549	109.20652808483309570
ENSG00000104435	3839.29945113278790814	3376.12275729827342730	976.75847595719835681	12779.55900848430064798	2882.89997709411863980	2832.84377448740178806	2605.36614870485527717
ENSG00000104888	315.74558720813507762	1289.02284464174385903	330.12048628134095907	5225.90376996876057092	1009.14681705168300141	875.05795332625507399	989.39517410434859812
ENSG00000105339	245.99405254570240231	183.61720614595503775	88.39791311379443073	1689.79388298289359227	181.65299480626867989	1793.51572929199551254	4420.65301789818931866
ENSG00000105695	35.34384493977936614	3041.82082867066583276	78.28609923157388550	231.84192459466731862	156.12058828932069332	102.25088998784332261	123.92397444949639862
ENSG00000105711	784.63996687205883518	613.69466346723470451	210.93727973731711245	2383.53186684808906648	564.99397463478771897	468.29638535578732217	693.86965152803270485
ENSG00000106034	371.10584802771836621	88.32508979794496895	34.51597261245908044	52.77968602005664422	191.46314971125750048	1057.59199750290690645	5891.83439208430900180
ENSG00000106089	361.61337056053088190	482.92652307838011438	172.46923375358286989	2392.55068837543012705	424.07786861060799311	410.89881685418095003	397.03430204188822472
ENSG00000106123	1381.67909864057696723	698.43628514335034652	211.64820536106108761	3601.05977793632746398	642.62581297767724209	641.65349024810723222	610.90687070263288660
ENSG00000106571	96.68324168286376619	330.81509856471762987	137.22375019492031356	73.86515201638457029	6781.14761014096802683	744.41597731718024988	215.66808505113905881
ENSG00000106772	2141.22389057670216062	13430.33468441441982577	2551.41971538146435705	4930.67212971639128227	1146.59075806487544469	1016.74383406029733123	988.15812114635525631
ENSG00000106799	605.90572134795627335	260.04093616309495474	726.18679680588309111	298.42509369212910997	285.90887715701370553	834.58592269680991649	3690.89708259138888025
ENSG00000107099	38.72429588209461571	207.72583258058728006	110.85536429564814398	73.45603032257309906	91.51973884681031279	725.92271868088801057	16453.93951391044174670
ENSG00000107249	1222.41285578527117650	801.68334366767214760	570.56097192835761689	2723.12013256860882393	14549.20685438382133725	1806.97273162654551015	1840.27499494501921617
ENSG00000107331	555.49724340588579707	4558.65201772199816332	438.88246153097662727	1057.93661090572163630	858.55023360973120816	340.54935388500678073	364.97474183263591385
ENSG00000108231	1303.50288617719297690	392.25525152837991527	368.10155795447798255	1444.26044642627152825	3942.55734717753603036	257.79061580826709132	255.82964771227111100
ENSG00000108381	32.78089767034432356	3508.73098026367097191	93.24823406830327599	115.63068804478896823	398.32890534689732931	229.93320111397886762	172.94153823352434074
ENSG00000108387	588.99468644593230238	3018.17433930994138791	230.56091563380525145	829.66965117789754913	866.78255295157794080	727.65695582919954632	330.24526460680323225
ENSG00000109323	1614.12631718307306983	672.87424915957558369	674.93335696084113806	878.71361012561135340	634.95313208956827111	575.16110119554139146	4015.87234462482183517
ENSG00000109794	363.69948674477240047	113.12217459499903782	252.16140616415003706	330.46957199552292650	255.11504598497666052	244.56329827978996150	4505.13115001202004350
ENSG00000109846	299.92558046538960070	3773.34691536092304887	207.27639184393601113	873.73631574710941550	2079.89891045424701588	733.15204973052811965	430.86715399019311690
ENSG00000110436	2710.59666263583130785	6955.51561206265159854	10051.77505096622189740	4936.90831921003700700	97307.19503983399772551	3258.41945388002659456	4975.16086982324577548
ENSG00000110693	7524.33326629388102447	893.66936335978675743	31217.31126391045108903	448.49982476386537655	7887.92091834056282096	1556.38724803245850126	435.00601536826576421
ENSG00000110799	28.03388533766762336	208.70644014912360831	54.92254739477582604	110.69093385063376900	91.78756248033609211	6110.33340078366472881	63.24874147963243587
ENSG00000110931	840.45170602046380282	863.51119546341612931	379.56120562892505177	4325.65195813385616930	892.62033606172394684	1132.73207077788288188	953.41152116055138777
ENSG00000111783	438.70828610151920657	493.45999170098951936	1157.74228086254402115	545.97750218508349462	11781.56859586768769077	129.57839084809594965	324.87921413475930876
ENSG00000112280	126.88693553485417453	31.65713560400900661	4187.33439791397267982	44.14053187095824882	46.74154924387249110	163.82359723658581174	15.73568018102780641
ENSG00000112799	13.47258041448825239	48.69510925390878242	28.13736817027708170	162.63680014882942260	29.82898593982715241	38.55993659763327486	4221.91486880288175598
ENSG00000112893	2243.89952750619158905	14884.42923791453176818	1225.58322078856804183	4163.33613410061298055	2306.34670612464196893	1999.01212734878095034	2523.99834604753004896
ENSG00000112902	1371.12122603535408416	1315.67599214980168654	18597.00881551528073032	877.54701203285674183	1704.35543790646579509	4511.16049278011905699	288.35855352082506897
ENSG00000113140	96.22697764328671610	524.76886362642892436	314.15840423330774911	321.68321318113885354	758.07480775726912725	2952.41181965202258652	130.27034037752571294
ENSG00000113645	483.59307228647770671	397.40147757431645914	559.54257837430384370	1381.30329230074880797	4855.63434492390115338	199.58386402626720724	259.81460278991397672
ENSG00000113721	45.07940503545928124	168.75990471936259496	203.42145587200013779	260.09858094711364629	2631.00655388673567359	7350.95113238597696181	140.42135104267231327
ENSG00000113749	630.11673778619922359	196.23616990992505293	69.49903898030231630	1974.20812334345760064	132.99340941243880820	230.42814319936096012	589.69633017061676128
ENSG00000113763	527.90885467965574662	179.64107291918284659	183.86042954966038110	1622.43973213847448278	139.52236274349593259	146.43848850164400233	106.43740521790788023
ENSG00000114166	1113.32698293250450661	2897.78585308758374595	9905.29976297005123342	641.34883295170845940	3418.21151466528817764	1430.18355176449017563	1120.80744159080563804
ENSG00000114450	419.27806258284851992	275.93663091703928103	270.58661803481413699	643.18946623453484790	430.85880888379983844	1072.53922866942252767	4113.49319719429149700
ENSG00000114541	1539.99333291643483790	14325.43304793303104816	3141.94676298588547070	399.78537320049275650	362.13402451318989961	1458.79749480994473743	4421.51929566354283452
ENSG00000114646	614.24872257195852399	307.92955235872830144	2419.61765602127843522	830.63342120048457673	1116.26241207321231741	168.18687597724826333	162.83680955431577786
ENSG00000114790	204.06892076978951422	226.68448911980883054	813.78740396914815847	215.23698758858165547	4570.22344761837575788	157.58586608243325600	213.87062418628451610
ENSG00000114805	6174.66943297244597488	324.23581252932831376	200.91687237384826403	1761.00640085033933246	1729.76197327792397118	649.95359969787955379	148.07851885665195368
ENSG00000115414	240.92544136947429934	222.79393947118103370	310.49833554275164715	287.96510464402661000	328.87242850839697894	5706.95426258275347209	130.60913350356861429
ENSG00000115641	100.18649811094661572	129.80676348323035540	32.34918173173659284	1003.34664666231822139	86.99986207882186307	581.58348548101707820	83.76214123463616090
ENSG00000116016	76.94469808215197304	349.86587180303712330	1008.43207148217936719	205.36255511993152822	862.62594841540555990	14974.24700980362285918	264.56349267029742123
ENSG00000116132	93.45367894239355167	234.88307635117723748	4868.08988154434518947	422.52616937683274045	2568.95127793261599436	1957.66643792739205310	157.44337451145918294
ENSG00000116147	4933.15742536538527929	1111.51145357398740998	57361.67789730386721203	7262.98230373658407188	1312.17263325634098692	599.91042540397779703	427.97406429682320095
ENSG00000117266	178.40638708396110701	5504.33597031727549620	202.46774233300081391	603.14911796091018914	465.86170852575173740	224.18342200239817430	461.63293979947502521
ENSG00000117394	116.17122317786170527	233.66266278324650330	157.48746324984313105	191.27229562578901323	349.87172258944951864	3825.08653290217034737	107.38401791548857034
ENSG00000117868	3338.66549165855076353	1312.05483288981145051	1264.65663637413763354	3131.88407581031788141	2830.36140594424205119	14256.97833369063846476	1349.19006778715015571
ENSG00000118160	756.49477227036209115	402.27712730516753936	136.95096691008649259	2145.15611210697761635	283.20294850787382757	260.74468188053953099	213.48700342142876707
ENSG00000118276	6534.50570129349671333	424.55851246173546087	1124.70251636986472477	1955.55847431375059386	402.73273984145504301	342.43131806277040141	262.04524227937508840
ENSG00000118777	41.17674526683010328	233.33643619621534526	171.63642581606973181	100.24635666492638109	125.09415079450511143	8711.05841500773567532	256.63624404132400514
ENSG00000119042	236.34596235858276714	1020.03392606771330975	267.64830177340508044	6907.84057490494251397	752.14236294537226968	904.33613433842401719	502.54439182346681037
ENSG00000119125	796.49698365301514968	600.20358543763211401	162.00402795287766367	3691.02858274188656651	439.41284315443635933	348.25700207818084664	375.87484812110238863
ENSG00000120049	1510.02944044994364958	117.63052597882864347	90.67609365043729497	421.60187942280521156	335.00379867886186958	87.94627721642218887	162.57311077940047994
ENSG00000120594	5020.04370687852679112	9205.37973309099834296	3146.41478330106565409	4128.84958601214657392	3732.22206116790630404	3258.24565839015122037	57470.85992372484906809
ENSG00000120899	427.16286472760958759	662.10365903868569148	267.23035384442204077	3632.28205003670746009	804.54757312741662645	768.70727255187875926	1065.26724798049167475
ENSG00000121753	678.56700115471608115	518.25382508290942951	548.25769850555161611	2006.13774402135732089	638.89601112746140643	283.04989890864760582	346.71893677645005027
ENSG00000121904	3174.56554686677736754	1608.68242613159986831	8786.14981844012618240	3903.29423172633687500	313.22217688397017810	370.88861000550468816	191.76731172113488810
ENSG00000122367	78.15320837388327391	3232.48447492118930313	106.41673143808954194	177.23730461824783333	99.40218732262556500	331.45144068082225886	109.57538693220047321
ENSG00000122584	17172.28947317052006838	602.64134824477878283	20412.96372666397292051	1317.04085235050592928	310.76672234946306617	426.12268096468989143	143.95420395799598623
ENSG00000122733	499.20601772341615288	290.18202247127078408	79.21311634191121698	1476.66301597244546429	296.41252054516348835	244.62331464249967894	241.23858959291226256
ENSG00000122786	2649.55013105577290844	2484.04492949562882131	2073.70647239588788580	1620.58725575174844380	1262.58169972178166063	12415.89072053104791848	366.50465250080799251
ENSG00000123095	485.62737223034605449	791.74528991166755532	373.98161476114341895	699.79602001408238721	1095.89026124838551368	300.98490398567150805	4040.21053935755071507
ENSG00000123243	45.23544932325907553	188.51856294854258067	30.84666239556288403	119.69957551304989352	176.37002045164689434	12675.36190180375888303	167.87936083534552267
ENSG00000123560	714.75123597937397335	39200.96908830519532785	1796.29432731631163733	2695.27441572261113834	3259.48413963478969890	2448.94072656274965993	2777.78844427424019159
ENSG00000124749	3065.62093711924899253	105.22310243726415990	96.36064689921306581	500.97675725674827163	1000.24342331585876309	312.71427984161499580	40.30423269824317600
ENSG00000124785	322.42197111831535494	887.87114948919554536	391.93215414839636423	3819.53768648971026778	871.92004496792083046	1095.73013477348990818	696.93047246699279640
ENSG00000124813	1476.15403899123111842	238.97044606043033355	192.77216328035819970	575.67514893324278091	140.32056637930082843	829.51026815632314992	3845.11771267916492434
ENSG00000124920	55.92920240448438562	3294.64845941857447542	105.49945297983765613	174.55411426496090144	141.57774137739346543	109.56086499921639188	193.80952071248225366
ENSG00000125257	233.08879764056655404	161.90660895745537573	494.16100134940751332	414.03753035121917492	1240.27557007417340174	554.34554713145439564	10594.17566092334891437
ENSG00000125730	20.62529181942256074	166.58414691376563610	74.79705249824937141	83.78842087470056299	88.69614451594999593	92.06522336212108826	7310.02248540218624839
ENSG00000127329	1481.71397594795917030	284.12769164098432384	49.51334316278922643	1392.94465018547180080	136.83177499642661701	6352.38918166558414669	305.23629222137378747
ENSG00000127585	786.31031484743868987	825.78547013963134305	313.42165355114184422	2486.01132726419609753	643.02599403419708324	651.77933289012366913	543.18603748878138049
ENSG00000128536	1020.92594485735185117	414.34672268804456507	103.34640590960856343	1372.06084521434786438	4976.42986535666932468	199.97562622643133068	490.77892533025550392
ENSG00000128567	110.82224931372161336	140.07227203742482402	109.99289051120969418	309.04655860326522543	61.86807243003001133	3863.09724015356005111	33.54620158119480777
ENSG00000128641	1014.22000067696149017	175.88368595723468957	53.30102263507428262	815.34139391524252005	130.11872476346798067	6948.23735331257194048	100.89222305925669332
ENSG00000128683	9625.56165616919133754	353.19245357287837805	1883.35788630757315332	481.15655693594118247	431.77425876211259492	256.60166930208231406	249.60724086921212006
ENSG00000128815	40.01655042248557947	35.97463147750742962	32.12651839261712894	37.45565319586958708	25.71861971939677005	301.09193647661862769	3714.72767034160278854
ENSG00000128849	200.62242247882113588	206.90508780031186120	172.28304052172222782	77.53448971421967428	1717.88820903433111198	5315.61582058690055419	564.90873065209018478
ENSG00000129355	492.06247347228242006	393.00436923989371962	116.04990292309668121	1589.80302937852957257	397.33204318553248413	393.55404895813722987	283.41210032642112537
ENSG00000129667	13.87965073035460684	37.50608874238166379	36.18810968651961701	32.86585760276657453	57.52850211205515762	234.72846251907566284	4337.01776527130550676
ENSG00000129990	474.73969085048474881	299.51798725484343322	110.01756552783552934	1186.99532507054914277	342.45005272431467347	280.63315011736301585	295.57136041283354189
ENSG00000130066	1491.93086334075246668	486.41298429449079777	1786.02314945895091114	1044.14080981314964447	3158.44284517490314101	4099.24524281661797431	12041.04092154877253051
ENSG00000130203	199.90027390822245934	1558.98946798843758188	358.90375429137282026	903.06224344683596428	5132.82097136976699403	1686.30254914686065604	1380.00179777273319814
ENSG00000130287	764.04577566887633111	383.92332486660671975	658.99268231036455745	1129.60605723220169239	4899.72485916008099593	226.08539838474601424	195.83578491706950331
ENSG00000130558	2789.03256398154690032	2704.78845094708049146	1377.65103211940981964	13133.84103675961523550	2878.22472680730106731	2518.96046013428349397	2403.76214917483048339
ENSG00000132122	871.15482203227850277	2709.16063223025957996	9359.68710077771720535	804.51409428217323239	3052.61223666327032333	1479.61092023000605877	1182.91971842751718214
ENSG00000132170	2711.68703795240344334	78.15033073387085949	255.67288788558468582	556.93838353830074084	61.90244922365763358	153.10790658226284222	751.98334068921656126
ENSG00000132321	1007.72714959079098662	297.53387020264779039	169.38602679825945074	993.73441649503172357	4856.31399155818508007	133.64513924396271705	158.52844768413126531
ENSG00000132530	10.34150867457216805	128.16782509015578739	170.60614111073289223	48.42149173092612102	849.40883097133644242	3702.38301764250036285	1495.49887478435198318
ENSG00000132692	244.70193747786601079	372.45211529318805788	3261.29980587303134598	502.26718970639285544	1747.34071326722209960	164.71114537855035564	213.60328912552330394
ENSG00000134369	4863.74162753641121526	3989.12286226710511983	13949.52550890243037429	2811.35088488515020799	5798.21530171310587320	1686.70846492022246821	957.12739482271865654
ENSG00000134516	345.69308451447670905	332.37077401341457517	116.44717249162988537	312.83082919768673946	72.76646868555015146	676.60412208717161775	8573.42767556966828124
ENSG00000134851	1719.85109041766008886	10017.39403815941295761	1369.58260181561877289	1457.94514717275751536	1027.28245695944269755	1882.45355296624529728	1999.22891562327481552
ENSG00000134853	216.96422720258766503	129.00628748083454411	8319.20221308192049037	81.70756743641082664	65.52172258127376381	438.41826428094998391	83.50271892278658470
ENSG00000134954	433.63888037212473137	223.76941769494121104	858.51166150019628276	187.57966944061621462	159.03981565238024132	5171.07150833658488409	352.42302564775275187
ENSG00000135063	159.71260298859107252	289.66514060344889003	112.30986143374339292	144.29902402081336277	5456.18640990822495951	434.82206970916621458	104.97145697480880244
ENSG00000135299	2870.48261381725342289	250.07010935806295038	1006.69656477551097851	1096.28604722106751979	950.19276815481600806	984.05141619865696612	469.01997485444354652
ENSG00000135362	66.56811403306241459	3216.23799140434584842	751.75489865623410424	87.74893993161063577	522.86601971038760439	933.87097141060553440	205.23821585580202509
ENSG00000135426	147.09979659579468603	525.01645059700490492	170.34118142787139050	3831.32977334971656092	456.02422828530501420	608.99403801699475025	422.63655233653588539
ENSG00000135519	359.98354001041991523	229.72447802240790793	145.11488474138369043	1451.69258772791113188	255.87675671930117005	183.47579313443861793	213.69474727442596418
ENSG00000135540	78.50078166012828262	453.37059557742486504	1493.84280896464520083	169.50848413368180445	11421.12703417678312690	1504.94889281729615504	3138.50370817530802015
ENSG00000135750	882.09309542890935063	1167.77842087029034701	818.90056320541009427	4097.21443065666608163	426.61181248199767424	614.02216738215088299	426.38421196100244970
ENSG00000136250	362.55986015769877895	723.45873498219702924	485.84580649779644546	293.95287190311074710	54.06582556282062768	1152.02496989937321814	9001.53811359993778751
ENSG00000136535	69.32574143834101221	317.68818731682665657	71.37766057516019202	1448.38625237467226725	207.31477492900285142	189.92281678703750458	150.57360720261590359
ENSG00000136541	53.98044245026982679	3109.39711665694585463	151.39727506423079717	250.62614366691710188	276.31158786187245369	257.27189278367904990	268.45126502304998439
ENSG00000136750	9969.71434823600429809	341.30089892105951321	262.00842279649697275	418.82569151851748757	332.27726122765858463	308.87978691204290271	295.73099932435820847
ENSG00000136960	200.54680986267800336	9211.01982904231954308	522.16001476060137065	363.20764297116841135	346.11401857294771389	511.94884828487647610	430.67941970514806371
ENSG00000137267	1720.86632184445215898	1594.82348015629349902	614.47271562874891515	5802.98804880394800421	1908.72649098299416437	1496.52357931729466145	1359.43919937893679162
ENSG00000137766	16637.97353816869508591	592.28249190315762007	1094.27318002524793883	3924.51289168091807369	469.77071411526725342	886.83098874033817083	307.14178021965375365
ENSG00000137831	190.87320135238061880	983.48144348763958078	235.60949994454176704	91.71349970479148794	730.01286019005192429	6723.55758114545460558	524.23022696582324897
ENSG00000137962	1053.95871118394393307	248.75486047872678341	63.60582844394000546	975.76172450894966914	564.02517392177981037	11291.95273064575485478	193.44347930355371545
ENSG00000138185	110.46584134928919241	142.82410124818633790	385.53235667098715567	99.46170262555908437	1430.06825650276118722	1705.91657116320106979	4879.37594793487005518
ENSG00000138639	8571.42750281460757833	743.47371881192896126	673.69759968965786356	584.24207511989527575	7303.51395352757572255	894.23776677846990424	23933.08476756592426682
ENSG00000138696	763.63854979816733248	441.22194541092471809	174.88331149087403560	494.46067097774715648	8309.98661653339877375	578.70781972939619209	323.18481578633804929
ENSG00000138771	743.38850016580283864	353.57312779167801864	180.99388539188834102	1965.36357705650925709	6755.66291001360514201	377.22125600729839334	365.52084638129355199
ENSG00000138795	1327.21160676112663168	107.43486722637382513	53.11439381356576206	162.25793596511348937	50.88970340263963976	7566.29695549130883592	59.07595231031591254
ENSG00000139083	2647.19482613981972463	879.57009718330425585	2596.37400743101352418	1886.74790926711261818	1854.30979070653347662	3496.84397762173784940	8698.91821279830037383
ENSG00000139155	316.32541281208699502	231.38346931165295928	75.02692812958828483	89.68395893594448864	3761.88329318168007376	476.67984591643897829	113.10483186995433869
ENSG00000139514	722.50894081493595422	329.74335756981798795	484.80120038907671187	862.94699399414525942	270.10107060679183633	5196.54753071245431784	219.59244041416923210
ENSG00000139537	483.21285140387414003	193.02585953005404917	118.19700856106393871	978.19898035043229356	206.21234895877213944	186.19346660003139959	155.84900697945272441
ENSG00000139679	164.72951376715687388	123.99596698138259399	131.44063804814408059	224.91427723363847235	175.65375030106608278	1075.63862229211463273	7392.03246260380728927
ENSG00000140022	157.84665177922420298	436.49864793873297231	334.08849944039104685	153.30196042065074380	5767.80142238023836398	230.77289279401307454	747.71722715145847360
ENSG00000140470	3133.32902318328569891	462.16573065225503569	9827.29930414104092051	397.84961233394147939	3731.18109065160888349	580.19852087153253706	1048.61303816093732166
ENSG00000140479	709.61006305067724043	6465.85034716073369054	752.42016351644190308	586.76583438441525686	358.94842413847777607	271.91073426452351214	177.46464632452483556
ENSG00000140548	458.82790948275237497	487.47247519878015964	588.10846163861867808	339.21893229721382568	1073.26057251544261817	423.49524087162609476	6531.32205168176005827
ENSG00000140678	15.22539791817637855	29.37363389182227991	18.01706687513470229	12.98999733807785617	27.77743035955653284	57.48292485321464085	4284.83204070685951592
ENSG00000141314	279.83319011782407415	288.28701121571083377	2583.55585912225114953	1255.84395038352636220	1294.15667058448298121	283.74542060456258241	127.79288458028227637
ENSG00000141338	42.29754100192183586	3630.51611305415781317	112.29629714336982715	96.15893289352797524	163.40510536368631733	1591.89938489453516013	198.61426966598517652
ENSG00000141540	43.29086043071607293	2713.81344339469205806	245.11439067716815998	155.47570290115780267	1050.57433933513925695	529.86625727687123799	620.13878432366561810
ENSG00000141668	453.02648731836262641	581.42907774835566670	161.17069963561402801	5997.20057123301739921	423.12073031558611547	380.47982280454527881	254.06164452808235410
ENSG00000142089	27.22567426656330980	215.85206565790966238	58.06004529959214011	174.99509600765233586	493.74489270262819218	3953.75898246887254572	105.69223574561954138
ENSG00000142347	36.65968449045404043	89.26944450465593661	27.86448541279490598	84.08558557048060322	99.58655064121366252	418.61637374917245324	4295.07300300337283261
ENSG00000142611	47.06973017883005639	286.27062049550153233	208.91908547639752669	91.68104113536661259	6778.72084350958448340	462.62654993510818713	244.59475002924085629
ENSG00000143013	1784.49546038405856052	2861.08281021701850477	1713.44245199464512552	12331.13039519358244434	3010.22515038947449284	2686.23869869328018467	2709.84897656514840492
ENSG00000143061	2149.86880117855616845	63.85964071748450976	78.58409828313821777	449.47381299630086460	72.38010439403305440	94.06663823949254777	56.91809150509326543
ENSG00000143248	948.90996668576678985	535.47996938450057769	106.63513171378326660	386.77209302061322660	475.10302763728918762	9740.28532662321777025	245.91122184168528975
ENSG00000143473	4713.97498926967000443	2035.93868943402139848	480.72392313822831511	12580.48966234297586197	587.57044269009270465	653.25460564279251230	532.41944317729212344
ENSG00000143603	492.66090084480913447	552.47400172520610795	492.69770362046261880	866.05026735258559256	6349.23134301262234658	190.84719255051251707	251.67442849420351081
ENSG00000144040	1933.67021477942125784	1265.06646733264210525	859.04421011686531529	2731.22367409106891500	13283.06128117757907603	742.28751710628432647	1174.25187860943879059
ENSG00000144460	16457.10254152022025664	175.60294779674677557	209.20823110469646622	2197.87199903696273395	219.35748787117293546	139.06125415351976926	122.40239700505887299
ENSG00000144596	3963.95806235906457005	53.65804278956944984	68.79720360197654827	162.54734877528804304	53.81026904224253116	311.53304597463124992	49.27977206128907994
ENSG00000144749	403.74241229159360955	1504.35957805323255343	831.89815680057029113	460.70465735839258059	10194.77562574514195148	1547.44896817961466695	1170.73238558189609648
ENSG00000144824	202.32450188871703745	125.25409302372779052	73.56915766677290947	969.62955388849479732	79.43842393227429000	3294.94400148478234769	61.91782382597445888
ENSG00000145242	2335.00296979015729448	702.78339394668444129	991.86562809867268697	4957.33521674100211385	391.09744938053017904	490.95107397508968461	291.91917261554289098
ENSG00000145451	595.81646217441459612	212.23193246519986133	81.32769182479940184	1605.19579428990709857	188.71584092012722067	221.24907585376394081	172.46874659560350551
ENSG00000145685	644.09656095051104785	314.03918505817114237	1566.86614383494338654	552.30419767080877591	657.01576842047109039	1674.50892226378573469	8339.80224063066816598
ENSG00000145808	5997.73890547259543382	607.25967527307830096	412.48257616047146712	1761.14279747916407359	208.61964811893932392	165.67237593242128924	150.86969686126207080
ENSG00000146005	299.00937470845224198	383.55589231802770200	1034.67918584005155935	272.93461443269569600	4866.11270056979628862	97.04848043569674587	258.89859501687095644
ENSG00000146090	409.53134496892238303	382.02704075876073375	298.33152383215661985	515.44609828889872460	51.54235622534189076	107.34520072494385090	9260.40505415030202130
ENSG00000146147	300.53703819206452863	557.52873129317129042	168.70633730688211926	5652.74999022711108410	310.23436880289494866	380.45930245932402158	280.52684406730060118
ENSG00000147459	148.42949933651507877	11525.18785790941001324	1964.29424685647063598	278.44797578382605252	2084.74771606234526189	1566.82274797988407045	1011.23681222677817004
ENSG00000147488	401.30473851962767640	35019.81586087192408741	779.22658691253866436	564.63258251269530774	668.23057015380663870	646.42198311559116064	1146.86894962361998296
ENSG00000147509	349.63719987162937741	304.67026653814303927	115.09634587825932783	212.61139332705565153	5965.50830299000153900	93.88415578933276606	167.92077824278752018
ENSG00000147526	2224.29410111903553116	3270.76324471084035395	1195.57344518246372900	4666.85328371127616265	2272.71972219076951660	19865.35621860207174905	2373.34392517062906336
ENSG00000147676	291.46468632957896716	285.68417028771818877	74.45167247827528456	1950.77143747409604657	317.74668100207287580	209.64995432256404229	243.76875598339429985
ENSG00000148123	2414.10584907059728721	3268.75746903637536889	9268.25943178750821971	410.17550605164092303	142.37067843748866380	146.25861728537472572	157.28595562350417936
ENSG00000148143	3313.75803679423233916	1734.10411670359439995	8135.85390168974481639	723.68003646993804523	2510.36337036427903513	894.60641145532895280	137.95915478043991698
ENSG00000148541	1908.61318298292894724	4966.09059198805607593	1105.08746042560528622	2172.25820589051454590	1209.43372462145498503	1835.27793664228670423	300.90806664944682325
ENSG00000148660	2859.60343625186305871	1436.11346973458125831	1492.09437761667481936	4092.35107754176533490	12818.59615256707002118	1695.67475148059543244	1402.06572616351490979
ENSG00000148672	1420.62246760766129228	1205.70583461995670405	846.70467689287636404	1235.07844778588423651	6751.74705165944851615	1658.16409374551744804	905.93261749153884921
ENSG00000148908	38.32778058951428335	44.62098951646447631	12.54744457516179779	15.84062237657472672	45.70038931484464939	66.93625660776449138	3677.94145311843476520
ENSG00000149090	179.63039658104278828	327.48084929072189198	280.52312268222129887	397.92019405477179816	7864.49201882539637154	443.47992824973084680	316.36641510349141981
ENSG00000149927	370.80672832776764380	368.55864377312445868	173.02657182072576347	1629.07261157369975990	444.38673065262730688	333.87011862006397678	425.45287295421553608
ENSG00000150054	602.51952654603041992	233.46151531159478054	162.18581053726413188	1957.45103339553611477	277.90121723837631862	689.13796852226846568	142.28176323723351970
ENSG00000150361	1943.60655339732215907	80.40577426299003605	3438.13855393500034552	614.97533888739837948	67.99161908164570889	69.84203944413121690	42.28053671590636498
ENSG00000150510	406.96052819410488155	3113.08266287633568936	357.91277561157119180	501.82185015147797458	456.13184085505059784	417.88464604242557243	176.76423178656963842
ENSG00000150556	3512.25233712280760301	35.72347777126714163	62.58260923069210691	243.58480114780599024	112.61202379450246269	46.02602899291039051	18.72317546389026433
ENSG00000150656	85.40239514372169083	6147.85548368763375038	186.53963036395697372	222.28249951616274416	192.07030764032498382	209.51076874418185980	339.98147019048229822
ENSG00000150867	1686.46940670660819706	21043.61145309266066761	4069.00692248976702103	1879.07368629634993340	2682.83488572429496344	3232.48621240602369653	4215.80419565000192961
ENSG00000150938	1561.18413030741658076	734.43805795023126848	1007.35606427223513037	2217.16913582119650528	1519.38978264784145722	8995.46388326822670933	455.11766375967772547
ENSG00000151136	13050.72926026185814408	163.76862051200683368	580.96744223055293332	470.12770977239574677	436.06762879254335985	180.05612744524890445	132.75483614941529709
ENSG00000151491	1345.10346750408916705	845.32487868133898701	2250.99652584975410718	231.18017607706698868	1836.42250453891347206	13171.44034386613384413	2448.45447180774363005
ENSG00000151552	1078.16818713990528522	5296.92123409337636986	535.84157713862703076	1721.46896244571917123	736.87366765891579234	772.32543415566635758	688.11650606971159050
ENSG00000151789	30841.47382524932982051	819.34097760228814877	2423.51275665420598671	3303.31289212392084664	537.76766734001387249	1757.38689671876727516	397.07565183747800575
ENSG00000152034	47.56013036525054360	171.88395149066028011	28.47618540296448231	1513.62354155143680146	82.40069253623812529	120.54532306369478079	87.70278791620121694
ENSG00000152492	1137.21508607690270765	469.62958795824016534	5180.62442140095208742	609.43234506533531203	677.75559066061600788	2022.30890486506018533	2028.96390449807199730
ENSG00000152518	45.91231510575814667	369.00552069776966846	740.22284002312824214	94.73856469686931803	1467.83860962812377693	863.49983392965907569	4415.69587998643055471
ENSG00000152527	1155.61327347769838525	463.85396539545661199	4647.92695748088226537	217.26009429848681975	451.08889097603179152	597.50730750749107756	312.52020426747930060
ENSG00000152818	6474.30729507595333416	820.32746444567544586	1257.93725996719149407	1540.57756214553978680	3894.26802616888335251	17746.02415173547342420	3038.99956984134587401
ENSG00000152931	115.72416894468264559	420.36456917181629933	65.77130859528456597	2664.95519140308351780	320.31090903228658817	430.22076628656481034	320.86122048753145464
ENSG00000152953	467.80758572612279522	63.91885671705087901	3988.71183405944611877	131.73106288451921841	51.31238679378498801	146.49937874175867591	1172.17420789331549713
ENSG00000152990	801.94450776878079523	391.28608240702988041	1127.77604530892972434	313.78472813571414690	4994.43452364120730635	367.16715932948164891	170.66441322377067991
ENSG00000153820	16789.31696065375581384	249.21718753948650260	469.08242057257729130	1722.38123181769014991	199.92843195635265374	140.93517200962557467	75.64666149426123809
ENSG00000153823	4681.31731255508566392	496.68660228281834179	10571.43919803137396229	3456.72363099380208951	1270.35522485594628961	3962.12777498635068696	1974.10659060925968333
ENSG00000154237	340.32583269066719822	271.72849695251750290	437.59953644635294268	2965.31039166074106106	187.26448333052525186	279.09301129916303807	7074.22667374563388876
ENSG00000154678	2779.76861160156158803	12769.30275641117259511	3704.39973185076132722	3984.90271701072924770	555.67089555800214384	2435.29314931549151879	645.77266075309080406
ENSG00000154864	601.57401721878409262	4237.62415872297970054	77.96453070734281710	155.20105503856441942	141.92829643020164099	154.48807924971129069	286.60902944312084628
ENSG00000154930	47.73540175693872811	653.15854017547519561	603.66175575996760472	150.23614897946873725	5921.02428889081238594	397.95377034652472048	866.40098745295972549
ENSG00000155307	25.52069864468606752	69.11770518810300246	42.10386347789530248	50.08447559147506212	26.77017365186742026	320.51696536436406859	5019.24855596234556288
ENSG00000155629	19.08467107443338762	36.38971116349448209	47.33090711382534721	31.38928250887881433	48.93098587464479010	191.84080746218626246	3318.42578330739752346
ENSG00000155966	4703.11670848312769522	187.08109855904476149	438.45147488067141239	978.16081574836869095	242.48866201859149783	146.28328398772475794	79.75049545501960324
ENSG00000155974	29496.28115766132032149	1116.88174205361951863	2645.01458565941175038	6284.32265468844798306	1162.51394563716280572	658.35755070162645097	491.51681926483615825
ENSG00000156103	5182.56909994744819414	1217.58854439677679693	24598.12950337261281675	7526.40139366709354363	575.61036754015219685	1255.65804354662168407	364.27582969791194500
ENSG00000157110	152.65579877382424456	112.76352888393482488	39.56553506991144786	173.84761432650412871	725.04617850187355543	6221.66907525152419112	84.70751143781613735
ENSG00000157404	6306.23957847146084532	170.92315729281585845	325.78083446758773789	149.99984280280813209	204.31708318734916929	178.54321519702435239	48.47767079627489295
ENSG00000157470	1366.69640435109818100	545.90788378260288027	163.78433750570289362	2875.17704433150038312	565.53705607458584836	410.26452069012611901	217.54365727670707997
ENSG00000157782	1289.21482054566422448	1273.81771325470754164	635.53574329873697479	10257.01329323024037876	940.68793140455466073	1035.57059190042650698	843.18851317420251235
ENSG00000157890	554.94144441494574949	134.24458608810064675	13236.79502052482894214	320.01405701501084877	216.97182564069916566	91.34143848377151187	57.48638371865530416
ENSG00000158089	7876.41367562122468371	149.10388516593977215	184.95094147717907163	1298.73265139492355047	101.72717892070593848	215.82774406944130874	62.40121284666545165
ENSG00000158258	2892.81148398780669595	1783.67901205456246316	1797.10877750999998170	13313.73812507760703738	901.11717421301909781	1330.25775906335661602	623.60350094288617129
ENSG00000158270	88.66521102562191459	338.53490739525898334	76.91736844563673969	86.79455390295916573	1500.93168443767899589	15197.07090337129011459	1880.78315458196016152
ENSG00000158352	49.86015110684100904	5534.88160508689816197	1979.25380789334099063	108.13982907915386988	115.36212493385653488	1497.09206497485092768	219.24517922660257341
ENSG00000158865	89.81664227841287129	7054.78088346428648947	146.46045599644290292	149.29941576095291111	224.39575723862114387	140.64057116192844887	284.52247707258464970
ENSG00000160963	841.82818198155882783	245.98618405682159960	86.71679740257491176	2711.11679191411622014	196.81403226041805965	633.50541356205383181	159.12240677353122464
ENSG00000161791	355.75933510105289770	356.36312761521747916	963.19531993710518236	604.46338802054879125	291.31588279802974739	2342.17443904764741092	5988.83598097742742539
ENSG00000162390	344.00671446348422933	398.64275882738320433	1023.17761327646644531	727.40044615343185797	7326.52748312989933765	324.13663633266645547	422.41817587641151022
ENSG00000162670	2770.34206763417205366	1093.78856880781745531	18691.28302024398362846	6063.48332396663681720	4479.70562657150094310	540.59225308635291185	542.41564897141461188
ENSG00000162817	259.06070538616040722	291.98833783496985461	100.25515534965832387	1493.76453055951310489	226.87844500314136553	478.77488900995820131	175.56948892512403404
ENSG00000163219	32.13172095606387302	75.84459169911141885	57.73579337252723320	206.90081425158354023	58.18260222361419665	613.99506382876006683	4837.97540560838842794
ENSG00000163453	75.64394979469869895	385.22817819094882452	201.06257838880631539	191.98473051729712324	2538.62809729174796303	11026.10594767953989503	210.87170280131368827
ENSG00000163630	23532.39327990054516704	577.69580488016265463	354.86289504106184722	2631.87114414889174441	400.64093260581358891	374.60585037422964660	239.52500093845927154
ENSG00000163788	1700.75499819780270627	488.55037709352092179	947.86643725388455550	1199.19857506883681708	1211.15891837361823491	5114.48065039493212680	821.62942318424165933
ENSG00000164116	5541.30155216249841033	298.71409523909130712	179.85370066713551296	1307.82976995940316556	917.53341418069828705	1494.44533828258431640	732.04515269946591616
ENSG00000164124	253.33224383734889784	10964.77251895178960694	399.12861277176477870	555.71223698260337187	1214.13955064451261023	398.53414081886711529	879.78179717795035231
ENSG00000164128	355.01754475009414591	155.85025287557596130	87.07756162104672626	1167.03275601850305065	80.45728193212661949	336.94466477235903312	154.05088125818207345
ENSG00000164161	631.05193170506834122	5668.40582197764706507	299.32829284477151077	733.09379242890247497	284.06308709566246762	250.30206135222852026	295.31381482483067202
ENSG00000164181	699.53482362903571357	833.27802074932480991	276.90513395352041925	645.62797522564289920	126.65512772804882502	6218.93607001822238090	68.02015497864867655
ENSG00000164188	366.21216038501660250	317.13663824783054679	82.60008488716428587	179.71219211208423872	5073.39737426730061998	736.99196007654825280	174.17832899901173960
ENSG00000164199	839.48956336591254512	1905.10433801428825973	669.93517600081497676	1170.81861817197977871	41569.55435102454794105	502.47662255359040273	1264.65348618427697147
ENSG00000164236	1120.70266253412137303	263.21101187970265300	77.52621915925948315	2935.55147781582127209	391.22554457972529462	600.16260263447622947	183.06256887997599847
ENSG00000164309	336.43318958167958499	190.53879845154654049	3864.88373347148672110	693.33280057191188916	1833.00547558972652951	326.38652835340684533	217.50726794052724244
ENSG00000164330	804.38776277231090717	237.67206125103899694	315.86197666053686817	323.71350233694499821	129.98961483260114846	17197.55296215697671869	86.57283485980877913
ENSG00000164512	2319.68055872140394058	51.20449061522204204	355.25205855097772201	215.01845740839681298	61.33536162605775388	41.87839365601639940	110.14232422369225617
ENSG00000164733	1448.78406109132492929	726.62338571798545672	526.40496270104597443	2176.04845167288476659	862.05132916299783119	1203.25734948096328480	6745.79632525838133006
ENSG00000164794	103.01295909894278680	235.39345298671031514	54.24709839013005563	1476.93467111502332045	214.74005175704965609	249.48262330479914795	192.51786230656028920
ENSG00000164951	532.42933660803430485	606.90967459907892589	263.42754797394320576	3088.32204156524312566	526.69407807656659770	819.69710057605811926	373.53021411027964405
ENSG00000165025	161.99701579876648339	54.28687094556492809	35.11801563298330819	25.19109072697785123	22.23090173975326778	101.33607016071380258	5224.55267518664641102
ENSG00000165566	823.02969293299190667	3698.25370324379946396	562.34578706982142648	873.24315161646927663	1527.80615154842371339	309.23347022328306366	362.26530896782628588
ENSG00000165757	220.29365022965549770	226.12013254423655439	93.30008702888599714	1375.57191688253601569	205.20416338123911260	4106.80479433181972126	113.40115414421379114
ENSG00000165959	369.43884031557468006	8093.41260257924386678	380.56859720507264910	523.61720679030884185	831.08852686821433053	3398.93336986401118338	333.86413157897771953
ENSG00000165966	1511.75159702273572293	1096.56463433133603758	10438.34757669864484342	5822.18082442811464716	550.44506625651308696	873.10128171742599079	309.84392759353079327
ENSG00000166086	1061.51233332892138606	4510.70498336869241029	1490.77751473492321566	1751.42130873645487554	539.36019215655846892	1492.49434959378186250	545.37446591961668219
ENSG00000166105	343.30591752339137201	84.77988439570967216	174.95509901991496804	836.57302952516147343	79.14318755384618953	84.18282479266133578	35.06141924554917466
ENSG00000166147	7136.71752221348288003	1965.16973122501167381	1438.48524210225082243	2341.28647032696289898	953.99794785401627450	750.30018618997655722	260.51870501498478916
ENSG00000166710	414.67919267096266367	960.61986848798414940	723.85394364189858152	605.72734460451090399	698.06970828352234548	9656.82015333393428591	1377.71968234578002921
ENSG00000166839	704.21567821509813712	434.14473876167699018	851.38639076377592119	1103.56971759919110809	6479.34865613664806006	449.53599255950871338	500.77952711070895475
ENSG00000167123	242.83628167706544332	6936.45340632603983977	451.16779527583338449	380.41203154549208421	367.78686096240318193	234.53423176156218233	311.66399638081179546
ENSG00000167614	139.50183922743238440	1494.61901951349159390	955.90263699368620109	1314.01069971798688130	5682.44683390272075485	372.83849230041005285	339.07189196050700275
ENSG00000167619	1163.22477765506573633	111.67804164898392116	191.42573428121781376	416.86591130536874061	314.20345807267381133	78.44178037726722152	50.89034391753732933
ENSG00000167693	361.10025417768912348	182.90878718590585095	639.11175466647125631	223.75912234332477624	779.56688034601654635	6103.73675673640445893	1922.43115571376733897
ENSG00000167889	842.28602591243213737	207.86736778313905916	113.11539639225854614	1945.09214226217841315	654.14827686393221029	133.91379838576116867	116.19628095473379403
ENSG00000168032	1655.65614218914402045	112.78677509954890468	135.84315005441038693	455.20106030958396559	147.52750575093497787	131.40362683216926598	30.74404501576318793
ENSG00000168297	1850.85564859469741350	9795.72800414822449966	2229.33416640435507361	1334.21644137425369081	1152.29105766477960060	948.14906371843039778	973.60445828030640314
ENSG00000168314	182.53154996718151892	15389.45992140545058646	426.51866609063029046	793.90145484838876655	795.72098799810464698	689.21671843682963754	896.79273261785920113
ENSG00000168329	17.28388470062673221	105.92591718321314431	52.62204296935129832	23.79587590323431101	54.13667869220179796	63.34431072318712808	6467.82070322824347386
ENSG00000168490	707.58672333737399640	1021.14977237253049225	284.31173954495261569	4139.68318050249035878	850.39239530406848644	772.16650954480974178	708.93462924706841477
ENSG00000168546	440.57194325837235738	220.60860402146866477	49.38548314586935106	1447.78500954095943598	135.48739219652557608	186.12824770024639065	140.25178864710761673
ENSG00000168575	2723.43068019151269255	2416.46681258203716425	1386.91826060163157308	2650.07389162577328534	3373.57898634443836272	11314.91726938093415811	1145.78763537249892579
ENSG00000168710	1363.28582513796095554	1446.15336262226287545	1021.60876066370929038	1690.04303783140449013	6705.53637680482370342	1317.03036082953940422	1219.88658524829679664
ENSG00000168918	34.20704533334157560	173.37826094197430393	61.97560046514133347	165.67046441489694075	137.81710979052948574	3501.51508516948069882	12080.51299970071340795
ENSG00000169064	309.63252328512322720	163.92996655293475783	82.72209474217675051	1910.83776651720677364	153.80803732686834451	132.10115285092521731	95.67738998727134003
ENSG00000169302	131.94305073534863482	66.73060464712840201	5085.66757569671426609	83.03191108420014643	415.02426614794683246	33.24402449572047402	19.11518984790658138
ENSG00000169313	89.14724235138606900	128.50416276467876742	147.15485778883879675	299.98130752570494906	225.71434439754455070	75.99637863863597431	7525.68989611698634690
ENSG00000169330	1508.14006153174705105	51.82306180758395442	131.04018141873925174	124.45667120702421471	27.56725432831073519	12.67215693481703020	9.71981355538157921
ENSG00000169432	1572.09324501707737909	107.75575281715572373	3514.31913389132023440	736.89680110551330472	67.27568487402000130	140.83772685107069833	335.56461612590834420
ENSG00000169507	52.44684950016672076	166.53158275662266874	29.77973235424450138	1179.54792518207409557	116.79287694255906160	7233.24808347596990643	73.07884273923218643
ENSG00000169783	1216.97611413115282630	719.21120395964589989	1196.15243071222153048	3750.53081767978392236	532.80804840928169597	611.17624439085818722	390.65860046797951100
ENSG00000170074	637.47542331376803304	117.63898247799835417	110.45113866240727418	1291.61270242959017196	196.03705491681887452	89.13841688228099258	66.20490398153748401
ENSG00000170677	549.00761460553155757	433.04798392704719845	404.43836779164450945	474.18088115948802397	297.42462764193260227	391.64733040143488552	5698.47790019643343840
ENSG00000171246	299.42788587818733959	919.70161364563364259	193.60405676702956157	4177.00783193372353708	549.84478955154065716	574.90752689570172151	624.57273668791299315
ENSG00000171509	200.77864399592854738	404.57080039632990065	70.68792708047539008	2879.07967570693972448	208.46421091859426156	254.31830161964288095	151.39876329458726900
ENSG00000171617	1696.77593000432057124	2363.57386760466533815	838.53439822917937363	13192.91430937142467883	1850.06720609205217443	2103.56906802458524908	1703.59989296329081299
ENSG00000171885	97.56275878660206047	1807.49151768192700729	239.59157445913129436	756.30160165611289358	6977.14598944414865400	600.76793808628656279	399.27509094342252638
ENSG00000171943	1499.85304291530405862	510.98037828856428177	610.55937009146100536	842.62817664161809716	225.79563840126363061	1471.59915366914606238	6000.49303196505843516
ENSG00000171992	309.97629014170530581	376.79621136389482672	105.78454790723563406	1554.04821020900249096	271.96568043633430989	489.77738339625932440	252.44720128671636417
ENSG00000172031	517.90664692647544598	132.29514709039250420	96.94002721226848962	1130.81419939619172510	157.22151320943572728	205.00724531460923572	114.66703704349353643
ENSG00000172209	556.26869149695141914	242.34677408439961255	130.15704046065957300	1157.93691297060718171	211.95195296606848956	271.50847323829646029	269.51393552798555220
ENSG00000172270	1358.13829138180017253	1099.94338908596319015	634.43630073209726561	2282.90518987456653122	2297.34415458140665578	7348.08973190728465852	683.20610105061325612
ENSG00000172575	490.00109038179533627	378.23280238304289469	106.78137410426107579	1976.75770616232171051	303.85879263316411425	511.08226831098698995	231.89697458812369746
ENSG00000172987	1153.79187291844004903	591.01123290277530486	228.19756871399340525	339.53881669285823364	16331.57322582727283589	215.97209510799012833	522.23638128149889326
ENSG00000173436	988.90376972463445782	817.94570735431830144	324.81009520041942551	1754.25393246819589876	852.44240186572471885	1152.49081580419988313	5027.52379823383307667
ENSG00000173638	256.66228602756768851	118.72058220893482883	109.75681001265679981	190.06018653506203009	334.98168120344064391	6783.43803484579075302	304.48214128071521145
ENSG00000173706	314.49326280468426376	593.23657569115937349	393.13255729511388381	89.35317031013705957	850.27976661007585335	4555.74422816424066696	548.15852267520062924
ENSG00000173786	380.37574741429187952	7117.98220727523221285	964.74589102424238263	921.38164414855725681	718.29940202130433136	681.81629717471639651	590.49093603699782307
ENSG00000174145	1178.24037483128790882	296.43417410980595150	237.06984454759950154	3911.04941173576889923	190.10855408478940376	163.52727076548083573	132.54040967872282408
ENSG00000174473	104525.02936360695457552	1011.16759442692625726	2854.11674190030862519	9090.70221617146489734	816.67195549730854509	963.44615114932355482	720.42828232382942133
ENSG00000174514	296.46580069936919699	350.63646030737578485	82.36779338263335148	1630.73604063340781067	300.55038451548313105	291.32404530481096572	176.36009884478767162
ENSG00000174607	201.97146787992019767	6051.42736495103508787	1753.68935752617016988	159.99751771272519818	211.40595881582171955	124.58575262590098021	327.15654420388534618
ENSG00000174628	1165.84668207444610744	1189.87190515027486981	910.77374161784882745	855.09881823330124462	4106.55501807489690691	562.72497983840628422	181.14587535315857281
ENSG00000174945	511.64522267027928137	497.95053876070915067	3994.98369812898499731	430.10050205794908607	755.83954617883841820	458.78169618136507779	294.98731566291547779
ENSG00000175352	2322.71378559011418474	248.79636875347853220	161.45997475284252687	880.03312426783929823	201.20106286478684865	222.61528710367718986	137.95629752158484393
ENSG00000175426	195.56839795796108206	387.59326057397936438	114.88124174120925147	1729.83395430372956980	286.09754162097880226	302.94857896692167287	342.87206671110078560
ENSG00000175866	627.22480897017862844	559.25994944036563084	272.74092224037821097	2742.20062102357451295	1084.34887778626534782	760.16625658957127598	651.36071037949182028
ENSG00000175874	1931.73283342512900163	1888.35601060423459785	549.24648459681600343	8458.23198143310401065	1371.89749236295233459	1356.32716136811291108	1080.68179558769452342
ENSG00000175928	1067.46328163819839574	239.67800634682458849	5986.76208315441635932	1253.83135224633701910	1044.92353544465640880	140.29414642716724870	161.38572537442237831
ENSG00000176485	123.36229550651150078	3223.87033659514145256	268.09486585612785348	395.09968633288235651	685.13233271231342769	1223.62640337966513471	701.66362052853833120
ENSG00000176490	703.67438157504534502	455.70288275855705251	111.99444615356996735	1927.18663539820067854	403.62429041487195036	381.95772818551489536	255.70908449732993972
ENSG00000176641	669.46340279505784565	294.92252724314079160	244.55311360530970433	363.11464334066437232	96.97217532198925483	6350.67866702627361519	42.74165154037801528
ENSG00000176769	764.69836035981575151	164.70701646733087387	55.79929961585131792	2365.84779005876134761	99.60600644858524788	195.80567237872168107	60.70081859575580552
ENSG00000176928	51.88952825168581739	126.69189806108363427	153.85173639461680750	1146.46797124469799201	280.75584971873604445	307.27286356314772320	93.20589443513678418
ENSG00000178531	401.28734156077780426	884.94763181097118832	268.35374662311733118	3022.03233357326507758	782.95993441000530311	869.87350808222572596	655.86859937966630696
ENSG00000178573	1346.28929507608631866	229.10967988920381799	395.91010522179584541	152.86436915567924189	404.98695315743049150	740.31250556567397325	5201.16274074171269604
ENSG00000179314	319.42288726441074687	302.74257279122912223	2661.91156928915597746	87.03877051394134412	315.18645073266412737	92.17195623930821569	41.27062262745791799
ENSG00000179399	3725.42951928437832976	2992.62400955977591366	4725.20612127097138000	3913.08135761228322735	56910.75287507601024117	14605.13875686518986186	1894.59470779630464676
ENSG00000179603	2405.31275581535055608	391.91505715069598637	979.28165809174254264	3121.48686445079374607	476.10917396038894367	8359.66631042298649845	142.09574171553771293
ENSG00000180155	651.08541900434636318	569.27281091366330656	198.60280189554185881	2456.91463559398880534	556.67171926214211908	481.33800455328866974	458.52548944817880283
ENSG00000180875	3588.95857837915946220	83.16411077995428514	100.11017164374021604	621.68056790187472416	101.86637491597186056	325.51780479409114832	60.96208030902115382
ENSG00000181072	18016.61254877845567535	133.09386871717535428	289.59855371430842297	1532.90037532539122367	116.75963885878759640	148.59864441095146503	60.72952039794525092
ENSG00000181215	719.90453679257450403	175.69991603194782215	40.28740432587296283	1536.82579544596342203	256.47502208542857716	133.11717205523183338	91.35356312524443467
ENSG00000181234	3310.20440455059542728	1318.70236261634795483	11182.64696931137950742	1165.59657957523495497	1415.92135000278517509	4702.21643190268787293	167.31891575290353558
ENSG00000181409	1476.83186586945498675	5117.00980204434290499	857.87123703391910112	1755.37746775043956404	983.40495889259057094	425.12392610476160826	490.46215283495439508
ENSG00000182175	92.38114850657416355	285.75052249017574013	294.80011064985376379	485.06473982703283809	4096.20208801893932105	192.77917318939668689	106.98198936451728969
ENSG00000182348	3409.09767022960750182	858.97201072094844676	961.32548931117310076	7136.61029771822722978	792.92018709006651989	641.90742014915690561	255.47953250383031332
ENSG00000182578	18.68590675709460669	81.43077795412101239	62.24506167741416363	47.04406672834372216	74.58028157022741311	401.02907643874272026	6572.98229684855778032
ENSG00000182601	620.14487648886210991	729.89692727555598140	274.79620194560146729	4014.38263211235562267	217.44963294271454401	293.24752033003647966	9085.71746098609582987
ENSG00000182674	3980.34925735426986648	661.86975102722954034	429.36184406217250853	8397.20023671944727539	322.78462883525878624	437.42860858180256400	235.03366654916720790
ENSG00000182836	4085.47829888446403857	245.96548432777723292	133.05008567359695348	1011.05042824522706724	266.06946977782570229	187.04428016924231315	977.27055786805556181
ENSG00000182870	595.17506627241709793	235.15268690117525807	74.95365022295575841	1667.40440863729304510	320.13583804022266577	170.65058269865630791	219.57040422629125942
ENSG00000182902	58.78149139520679967	463.05113584732043819	389.64178320601371297	227.36767117077872058	6543.61892300171166426	100.76390626315799182	275.00445983716298315
ENSG00000183166	10130.62708205185663246	1048.79021289872048328	1446.39499513855207624	3507.74275220083336535	2114.97260218721930869	376.67796537817400804	375.71937284664124945
ENSG00000183230	3433.70537258381136780	41487.99407990046893246	3105.97512763862505381	4655.25159163501393778	1179.13606845238246024	2729.06338697463934295	2748.58145578922267305
ENSG00000183579	1007.06822697404004430	833.13103274617481020	1073.66582829288859102	1296.88438630399241447	14211.83343411480382201	1627.98036375256356223	803.84486916025537084
ENSG00000184113	17.33011088109468290	138.70172235192274002	15.09152158572690539	123.79913135340883912	111.25314249766128682	5107.94253958396984672	57.37451656650865317
ENSG00000184144	340.40853179760182456	4251.18709236876384239	293.80032121469827189	700.82031326975049979	279.78236997541614528	165.53484492667922723	192.50727038533557334
ENSG00000184221	52.52523233659226065	996.82929317442005868	2598.21844891040927905	174.48538490623406005	185.36436881325900572	124.56039617324103119	83.06809834773267198
ENSG00000184347	699.53982376672752252	495.53402955787305473	110.13708970014242539	4096.99859877024391608	229.48443150516425248	2256.55831019934839787	228.16973223624017919
ENSG00000184602	335.06869807146142648	406.93831579281152244	146.08437963725523900	1768.84026358877622442	544.03464784987875191	342.67701151267544901	320.70417641842084322
ENSG00000184613	2731.21535436481599390	1887.00994368777833188	1520.56290392149139734	14205.79137923036978464	1727.82071352562502398	1328.46950291298230695	1069.69280603208358116
ENSG00000184999	176.03577388859415009	227.81543759668790017	63.78629686266085486	3285.67996571223966384	133.92793235941718422	310.71291675797249354	98.34016283213217946
ENSG00000185518	1028.99652396159899581	1800.94362406724872017	385.91343439561603645	12233.18988204989909718	1000.53001876047517271	946.37287338071882914	779.12364923015877594
ENSG00000186417	365.11516846721747243	5652.17773893224330095	153.63626375629326049	444.41710676379949518	187.70189110564527368	196.95135816714437738	2968.84196521823650983
ENSG00000186960	570.97102289061876945	183.19059938559237821	143.78031894688459147	989.39131594529408176	338.57621764402142617	127.54057580584522213	79.09470526523890044
ENSG00000187068	897.01013762959451014	205.92805632032082030	2559.32914649534950513	697.94650732884394984	1104.01817115602852937	325.71484196369499386	396.11462538866027216
ENSG00000187094	3273.86647924641602003	2548.65171630657869173	944.64254459485323423	10864.98480392610872514	2951.73073931723865826	2574.32714333370813620	2626.95682242114298788
ENSG00000187122	1240.66180259621501136	438.37054015351827729	556.88873994714845139	3580.87435730655033694	397.05646080700097400	275.00872835592446108	323.99449358365279750
ENSG00000187123	3077.05117397387994060	66.62825701928412059	212.17871746348541251	122.27965149140649714	936.98295420139561429	73.16026186985122592	40.32036137703985901
ENSG00000187147	927.62193596726683609	30191.08652167062609806	993.33500309118198857	2020.00803511347294261	2974.69368671748406996	5347.19490569714162120	1299.31089636736624016
ENSG00000187323	7357.29359195300912688	1929.29877976101101922	23224.14091470427229069	13629.08285147591413988	754.23834521935509656	807.01067841953965853	659.55725479884745255
ENSG00000187398	7236.52624570452371700	615.14986900853875795	29765.51146471516040037	2605.12351628309716034	2451.89858843220190465	414.76067997928288378	215.55746258908928326
ENSG00000187416	4071.40762442053573977	954.71775146275683710	74534.24298000577255152	1411.81479293552729359	278.22797161924825105	370.13814687629007949	202.91213835394125908
ENSG00000187720	2680.01382912411418147	188.03246734912147531	113.91947005389738479	583.40679851751076512	168.94374299492594105	10823.44874971091667248	70.88446234009808222
ENSG00000188153	56.98335348211064399	5229.74968640489987592	161.24699169905221652	155.09113627068214214	1255.14325770670484417	931.33255687446478532	248.70068788974833751
ENSG00000188906	1284.58091214599426166	335.31358279738594774	4244.54896526240372623	1647.64239084317136985	541.48861113535735967	1146.39518752478738861	1439.42782699647227673
ENSG00000189056	8563.68009666230318544	277.26618281254610565	321.99655112779475985	286.17486290368566415	132.89334682152275491	204.87060068030552884	94.88110875457567772
ENSG00000196132	647.25845965987855379	60.45475157712687064	4635.80951581171393627	158.57646179332141401	23.12655399691356450	32.80423477652015407	47.64191912546220209
ENSG00000196187	55.18316068221427884	3582.63878006951017596	191.43061618635439913	121.79645369606571137	842.63735436635874976	637.66977399268057525	549.60164904546877551
ENSG00000196218	1010.85485245750760441	126.00000030290527775	310.11756327411325174	306.21378906732149972	1673.75934508296677450	165.18426431328356330	5030.77316574889482581
ENSG00000196369	1400.09916438042773734	261.88603556430592789	417.87681704660349169	810.60205255714606665	192.75791305065658321	1579.28412094438635904	7947.42628505151787977
ENSG00000196562	492.75176761590910246	123.70562620695740463	5762.35057608355782577	457.06791380414762216	104.68794416007186499	944.94492124054272608	147.32660144666928659
ENSG00000196569	305.36538883677440026	2839.55112918866234395	180.34716909756207315	3748.81898941970166561	525.54351573316193935	23932.20026220693762298	272.80695201710000219
ENSG00000196782	3304.88384631868984798	1498.44112058886162231	392.48745321352458859	1491.17733186065675000	1005.19922513494907435	3976.74018714168596489	13022.88877167538339563
ENSG00000196872	570.50260513353475744	668.39706465322251461	305.10471886963478028	5945.01404644966441992	430.33644435666684558	768.68459920128123031	873.79834659559298871
ENSG00000197360	134.25062392705402203	588.96806554272041012	575.79828831282259216	381.79532771419002302	11426.04010281555747497	111.02072193936469091	583.89070246052540369
ENSG00000197430	36.65537090555904598	3382.25847209595713139	98.15489373510945370	195.27988390913040462	136.98804009810916682	145.44738979160536019	233.87024665093639442
ENSG00000197584	12432.95233343713698559	722.09930690460612368	32637.61647062882911996	4346.85783198660010385	946.23331363054705889	459.59357161748317822	561.90880168030594177
ENSG00000197892	1039.90736240511500910	5065.94309549772424361	1089.42019616944025984	692.23306236363794142	855.07836868785648221	1855.70974615364275451	1521.04132919859762296
ENSG00000197971	2721.13145387302483869	47889.10658760144724511	4625.95317375103331869	6498.07030279877926660	3905.05924438742658822	4079.93043883836344321	6826.30953595744267659
ENSG00000198732	447.01091565929510807	801.28529607950122227	8483.26236499750302755	96.80149700424288994	432.78540868485850979	74.14973172806546131	63.58114887759036549
ENSG00000198785	6123.32754410853340232	129.60269696970817677	122.61352472744034969	804.45482422333566319	164.87103389776950735	118.47908113359792992	65.01407622292691713
ENSG00000198873	1297.20198121625253407	240.49794729703745588	455.84040605788317180	740.03300575295929775	226.26029459541103961	4757.07204634715253633	1443.80913075882199337
ENSG00000198879	4734.74642819213113398	1637.67096267209717553	761.46761370096646715	1251.07034079259733517	4663.82580860395046329	2390.08201540661639228	30254.10350361941164010
ENSG00000203668	492.40988333374764352	336.35840323201426827	165.23217213854968577	1265.28376120921552683	247.55949768681702494	422.56376924910239268	223.68226112153379859
ENSG00000203727	7993.98665472357242834	196.20441588060612048	203.97284509973664512	1037.01854094736063416	179.22452005939737774	442.54096130742379955	56.14396644325805852
ENSG00000203805	406.81963017784141812	209.22298613480967333	3384.82711501945914279	63.77386543449118506	317.52525149403214755	30.36580138507890680	12.42527202400970943
ENSG00000204592	19.68213537728673757	243.16138261557847500	46.89970516630808106	122.52820759651029903	582.62060608434717324	5235.45979142892520031	1078.76539779121526408
ENSG00000204655	54.73317315591860677	5019.65822020406812953	223.68863567419006699	204.02823241957833034	153.05413355229782724	142.26864470474981772	170.89879133573563763
ENSG00000206190	200.42516776868575334	288.66479283219672425	53.35552813738287625	275.60034939089854333	79.33586800866191879	18346.04337700870746630	106.65878187059870186
ENSG00000213949	209.92304741714215766	116.43064325941064396	41.49038118256880381	104.96973867584659956	83.17136317393712375	4527.99563938497703930	43.45723284014748344
ENSG00000215218	925.59083579334435399	428.43356184044461088	387.78580401065249816	2404.98271514839234442	404.33572107112047433	411.66766356923670855	280.41331029368637928
ENSG00000216863	117.45511654067124141	333.08768266397879643	48.60587196071238480	3953.25433502567966570	186.30905457761576827	247.35590417995859980	511.30678009525405514
ENSG00000221946	503.00590694873153552	602.28368112987118366	184.75806931839537128	2813.42579325689575853	584.58376954715117790	484.80548428869138888	408.91394635292738258
ENSG00000223812	111.03387327106158011	176.56831570658883379	142.79811169060334919	2732.25062118790765453	152.34981751489647195	140.03804799549777726	154.76303350983110363
ENSG00000224271	238.49800671772752025	647.40079773510888117	176.19127355821905212	9014.35891330152662704	350.85079804089161826	385.87425518072302566	237.70766587395198144
ENSG00000224819	57.27506325723420844	126.02927782202245055	39.99458120946598427	1523.90001059130736394	61.69814154032368236	99.04216754794602195	82.47481996038696650
ENSG00000225206	1738.69142589642729035	682.42933085340769139	846.92962815038902136	4964.20614523725998879	294.56047723408698857	314.20157544857499943	299.73981273406513992
ENSG00000226476	97.13153045001693897	283.75050210033197118	537.87539469006821946	596.49779352879920680	4804.86017997804992774	108.19972196735405134	152.92595426595221397
ENSG00000227082	2212.02567006145545747	292.04776997577181419	964.91519371316906017	706.39002386350500728	153.13618548184342671	242.00570032495468809	6534.04715415470673179
ENSG00000227088	110.41602458701794376	9383.65881603419984458	313.08369511326264956	275.99011116948298650	177.68695266706282609	141.97917692445253124	354.64004383126234643
ENSG00000227115	609.30121445882014086	3711.36981213456419937	177.27059589192742806	137.99011666997739667	104.38872256430144603	84.09197365620585174	178.94321139388199526
ENSG00000227220	688.23686903176565011	372.10627772506450128	3381.74925492221564127	515.47096292923322380	262.95750497638181287	990.53729691613511932	191.98318791712304687
ENSG00000228566	833.06886166897197654	904.94889327794305700	1110.22387956384568497	10689.55139740230151801	593.02898650505574096	605.06599362861391000	414.69094947631521109
ENSG00000228624	1157.24860140445184697	4521.79647172718523507	983.97308002784598102	1138.99194640148994040	1058.58324292736756433	244.07286103809400402	722.90533265496367221
ENSG00000229618	655.05237611401173581	861.76607283692101191	515.80312336968745512	9658.16216118568081583	667.81910598295041837	857.81167900143066163	422.28167532210761692
ENSG00000231871	759.87455890644275769	474.65110572435736458	3086.10328190443078711	587.99151858331640597	737.21847412659258225	401.84458695181547228	207.44676524564411579
ENSG00000233928	1207.50501215722692905	384.99708993634459375	119.16273131385722195	3842.81207472236155809	184.58086537634025603	415.93562347714373573	195.83512515572925849
ENSG00000234377	145.01109644783369390	988.89660805429321044	413.27479559135468890	729.79874802011556767	25987.82555471383238910	230.82302381300698357	603.83614758330145378
ENSG00000234423	1476.05822432672584910	482.76689269278080019	175.90013860187332284	6211.17907565992391028	324.67147993992028887	329.91944520056011925	179.64334490258065102
ENSG00000236197	510.67947782608649732	690.36787983917599831	716.71842042468892942	741.12661173074263843	11685.50944846586207859	175.99193241882724692	337.38084122981632618
ENSG00000236451	131.13988478048955244	307.88053456600408708	65.33347248938919449	4452.64018239733286464	156.99980653370238315	190.64470724081388653	194.14130880525252110
ENSG00000236790	311.65361639081584144	673.08834946936201504	633.36347479656581072	1151.56708166660837378	16215.97301765904376225	231.11355302027607195	576.08138176581564949
ENSG00000236963	56.37922342720510471	39.84697648684575455	27.11527475645588581	102.62619498952986419	34.91705263611208210	26.54601119658319419	3403.14235409252296449
ENSG00000237720	305.86102684112211136	222.69236604739145946	69.41142250478411313	2468.86316755339748852	106.45995396763692042	158.20673342464098710	46.51458973073932412
ENSG00000239498	164.95642308712666591	400.09908945912565059	74.72176093593927249	6110.42977890398015006	273.14002776407119200	374.45286522516624927	199.75564495136569576
ENSG00000241684	4159.49707145032607514	258.53400510032759030	1589.94308624132099794	949.29663772699075253	1551.10588801461790354	8854.85402961428735580	137.10870489832927888
ENSG00000243069	502.77798665822774637	207.01752043719048402	1052.38785944694495811	218.16134293175548464	3723.70512549221348308	74.48076334427989309	123.26170601133493676
ENSG00000244128	3906.18458448423598384	381.35016839578321424	6210.67967706632316549	2018.93793501333902896	235.55760906489211948	229.38303159352872740	204.19775252675410115
ENSG00000244694	8553.24490990173944738	322.90434820356466616	111.81052195107073999	2024.59711452859210112	181.50389691690918426	414.01853348482649153	1063.31934039976158601
ENSG00000248455	59.84112412476736864	209.19360642806864803	28.49798214104133720	1959.35925565216803079	142.93504970784113084	130.11162895176147458	103.58988251676007053
ENSG00000249669	14.12714791843162843	56.40338872507908263	13.96793394400243038	33.03583590357293787	25.99540399369390542	5295.51803692907651566	30.66317452896261742
ENSG00000249853	1650.46390787431346325	5222.12346799053466384	308.02881817192900371	2380.04547191484834912	1194.31695764452433650	309.92482014579667293	359.96897317944922179
ENSG00000250166	1105.15246193874031633	418.72955447119505834	474.78489957534213772	1486.19231588196339544	5049.52428706245973444	389.37472433780936854	476.76420686885904843
ENSG00000251141	1038.51480231756409012	690.26842446661214581	556.52907790006781852	2475.64674286554873106	580.74006905709711646	446.21621536209852366	298.20911890953908596
ENSG00000253554	8444.81297170656398521	261.85940795174326468	220.12097491440434283	2636.30973268707930401	664.78607575122703111	189.79653662785611345	104.09694648913840354
ENSG00000253877	71.80085252769569593	8360.91138593957111880	183.86422016411063396	169.91790340711287399	189.83290118813286540	119.07934127695543225	261.06755609109018224
ENSG00000254087	65.18684780795841505	88.42717796349408843	186.25847340316272494	45.68086579095022870	786.18043382384712459	586.43246547987428130	5564.38082246502835915
ENSG00000255595	1897.34881376652651852	308.83152979235319435	139.61592067840160780	3825.14430881966609377	147.15096143151376396	210.93978530171068542	109.27085802397161274
ENSG00000257585	363.73937030432676920	8524.40274504365879693	480.11834702371396588	275.41229946511469961	7080.49102334453618823	113.69816153984500318	304.29612672986803545
ENSG00000259048	199.96778307070169944	1239.16296471092641696	4269.70095177254825103	634.06317661704110833	58.19148663162789603	64.87020082647850927	45.53025984719743491
ENSG00000259070	71.81455177252708211	4964.66453589069078589	1905.99583816758627108	110.46262274313444607	120.14799316145769126	110.23463400730112483	225.79162960827403595
ENSG00000259905	11566.84703356771387917	2642.17080249384571289	371.85615906757738003	2048.74479466398634031	204.78412066367431521	230.43036423897657983	200.99118231366560394
ENSG00000262655	2834.84532374401715060	431.81788263092187208	1274.65860873087103755	528.89329854459435865	7157.51701148984193424	175.25892808234311815	217.67838051958267442
ENSG00000265972	33.76430194309709520	741.37315841470137912	696.97129342974926658	84.40516134830591000	401.87348298007242420	3674.53438569588979590	789.83819388697361319
ENSG00000266028	3021.94915397423164904	1041.88255448487188914	1216.16299930597597267	1637.25434940515333437	424.57720166408699924	3393.35762353926747892	22102.92868756654934259
ENSG00000273032	1901.68589444299232127	543.36607659433684603	184.27428364591639820	4800.25841417031824676	673.87929920718011090	425.67339722993000350	304.95870367486230634
ENSG00000273409	11.13535843627179389	51.38920197820583269	14.62163607204149507	28.94339919968676611	23.23149353249865356	36.13108347346224747	4957.25760133629864868
ENSG00000273749	1229.63063820433512774	485.93999723191376461	695.13918947691331596	1133.47436331104700002	729.59398668732035276	1905.25772391591135602	12513.69818711352127139
ENSG00000275832	560.26868602225169980	2901.68568059079234445	562.46422341391235022	543.71561835374006932	1120.59498663260251305	532.38396997571999236	309.75799981256824367
ENSG00000276644	2814.64321136909484267	408.63848456676640808	414.95815406988742780	1991.52519079707326455	342.10275574578372471	6347.75294850730097096	218.35163702977442313
ENSG00000283154	10858.81990552634306368	4451.65893242665606522	1784.24917573018365147	31124.44749783519000630	1722.84330640818166103	2754.18712761229608077	1303.86594284773968866
ENSG00000285051	663.24695069937695280	8657.31005041301614256	331.56525533274549389	543.69924960128003022	516.35344690718363836	1536.12724961130811607	341.07411762555182122
ENSG00000285939	505.73745302689741266	531.91800441468296867	126.66472597873780614	5889.81860955519186973	300.55018900092397871	327.30731415074143342	205.34529847962559757
ENSG00000286288	317.04034178659532017	414.24634898312984888	137.28232281449496099	893.34654916639760813	6048.84053533547012194	108.00655561037694952	502.68785731636882019
ENSG00000286749	720.08138243600001260	9389.56742509197465552	239.90312379422340427	264.69631003636987998	202.64669093435310288	231.11661989323476973	254.77238713186181940
ENSG00000287151	1275.64514363030639288	219.31570373417255837	2932.48573758116481258	845.77509827534470332	199.63900989195408897	669.45007096368931343	314.15157421793691128
ENSG00000287720	1027.12645213416089973	199.68026303367261676	2764.91481915920667234	1079.71851834490507827	840.72730485750923890	184.72123201963054839	170.56981011748240462
