Mixture	Inhib	Oligo	OPC	Excit	Astro	EndoMural	Micro	P-value	Correlation	RMSE
2107UNHS-0291_Br2720_Mid_Bulk	0.00000000000000000	0.06820023943687213	0.14691017458362043	0.64066530892720486	0.03550322622825834	0.09185272101750733	0.01686832980653707	9999.00000000000000000	0.81532480959242992	0.71437736076295244
2107UNHS-0291_Br2720_Mid_Cyto	0.00000000000000000	0.03221174989419919	0.10674977379988233	0.71969562881420290	0.03153515887227374	0.09853793792506875	0.01126975069437305	9999.00000000000000000	0.68313335548895149	0.78436188323163347
2107UNHS-0291_Br2720_Mid_Nuc	0.00000000000000000	0.04702698994768181	0.08599481436382096	0.68468836395701405	0.03274402968206852	0.13918484129208483	0.01036096075732985	9999.00000000000000000	0.71896977649417004	0.77525032882800182
2107UNHS-0291_Br6432_Ant_Bulk	0.00000000000000000	0.08172550657151519	0.09644665598217467	0.61286015106347969	0.07122053674522907	0.12625058689902144	0.01149656273857988	9999.00000000000000000	0.73445261176746557	0.76939427840154995
2107UNHS-0291_Br6432_Ant_Cyto	0.00000000000000000	0.04037117465649281	0.08000448163902163	0.66308738475718210	0.07410118889413632	0.13476814613773735	0.00766762391542965	9999.00000000000000000	0.58187515112732813	0.83753422984015480
2107UNHS-0291_Br6432_Ant_Nuc	0.00000000000000000	0.05647369456699557	0.08401670145827711	0.61131897764391574	0.08153873340505255	0.15677314944277598	0.00987874348298309	9999.00000000000000000	0.69384625011568368	0.78880307636959501
2107UNHS-0291_Br6432_Mid_Bulk	0.00000000000000000	0.08184407400800427	0.07116381130203286	0.56027704818591206	0.11362285567070354	0.16234440556625912	0.01074780526708819	9999.00000000000000000	0.64900566886466005	0.80828623427036350
2107UNHS-0291_Br6432_Mid_Cyto	0.00000000000000000	0.04184881553752848	0.03951123931048809	0.62538050046495497	0.11185273418985223	0.17516336358026399	0.00624334691691227	9999.00000000000000000	0.55230157552715997	0.85051687239684592
2107UNHS-0291_Br6432_Mid_Nuc	0.00000000000000000	0.06362493907869859	0.06517083677086555	0.55363232923243533	0.10917325653426561	0.19819836643386640	0.01020027194986848	9999.00000000000000000	0.62180887964579923	0.82277283785377797
2107UNHS-0291_Br6471_Ant_Bulk	0.00000000000000000	0.05784789477437793	0.14542888976178203	0.64587642544651702	0.02926219948609238	0.10588963477681468	0.01569495575441587	9999.00000000000000000	0.78897552367269475	0.72932732744315876
2107UNHS-0291_Br6471_Ant_Cyto	0.00000000000000000	0.03250117100916657	0.15672934783696052	0.64129433019014970	0.02483160435139533	0.13623345286060695	0.00841009375172120	9999.00000000000000000	0.63538177487434133	0.80668018098258942
2107UNHS-0291_Br6471_Ant_Nuc	0.00000000000000000	0.04824404504318953	0.11064788789601947	0.67831105721449525	0.03070693713994479	0.12032963825644935	0.01176043444990173	9999.00000000000000000	0.72880982822193952	0.76610154737735447
2107UNHS-0293_Br2720_Mid_Bulk	0.08157009029807698	0.06852747170505255	0.10374481103516973	0.49488639734104800	0.15297352524574445	0.07073589455534113	0.02756180981956722	9999.00000000000000000	0.88340384687705931	0.65862965059176970
2107UNHS-0293_Br2720_Mid_Cyto	0.08509908595731015	0.05244837404393628	0.08356489445868176	0.53500114506584051	0.15155124895452621	0.06674618850897396	0.02558906301073125	9999.00000000000000000	0.86273055877840643	0.67153109771142994
2107UNHS-0293_Br6432_Ant_Bulk	0.06585474117354444	0.08037974533146293	0.07244030893241483	0.47281905896640736	0.21314258443103468	0.07410049052697032	0.02126307063816547	9999.00000000000000000	0.92023980585287424	0.59460629655505459
2107UNHS-0293_Br6432_Ant_Cyto	0.08773690222538827	0.06889298344409830	0.03635995328649236	0.46326927823031255	0.25306230093012627	0.06675322562167990	0.02392535626190248	9999.00000000000000000	0.90230897292059742	0.57669283037857977
2107UNHS-0293_Br6432_Ant_Nuc	0.05264502518709672	0.08418682978959970	0.07759737361506226	0.44981540826550642	0.22725407578801998	0.08789539946617383	0.02060588788854105	9999.00000000000000000	0.92157593770270174	0.58260499255108655
2107UNHS-0293_Br6432_Mid_Bulk	0.02950037718731000	0.09671214369231242	0.04693478486190556	0.46768246674812530	0.24850943306901035	0.08733285052854733	0.02332794391278906	9999.00000000000000000	0.91950754091693954	0.56756599604281510
2107UNHS-0293_Br6432_Mid_Cyto	0.07135831266655959	0.06202690215367968	0.02778078698022821	0.46371320144113476	0.27568448987003713	0.07682342285412171	0.02261288403423885	9999.00000000000000000	0.91958727232019233	0.54022918769006434
2107UNHS-0293_Br6432_Mid_Nuc	0.04750326965222952	0.09218644909045640	0.04561722561277246	0.44627657064364390	0.24865686006737697	0.09608206836751502	0.02367755656600570	9999.00000000000000000	0.92529688652838749	0.56389359799179017
2107UNHS-0293_Br6471_Ant_Bulk	0.06340019497841319	0.06975850104986957	0.10275732080557994	0.52324871612875112	0.12495892902577285	0.09261239311851263	0.02326394489310064	9999.00000000000000000	0.87877182907892737	0.67791369167027093
2107UNHS-0293_Br6471_Ant_Cyto	0.08340062888190078	0.05351869850791357	0.09379581054058710	0.46578986092338615	0.18294030566176542	0.09233203623091041	0.02822265925353665	9999.00000000000000000	0.84328379013666188	0.66998542231290081
2107UNHS-0293_Br6471_Ant_Nuc	0.04604222285363700	0.07074840920912608	0.10875421979939498	0.53920898461602562	0.11884624168916595	0.09574851424361853	0.02065140758903175	9999.00000000000000000	0.87180911803676697	0.68244738531569027
AN00000904_Br2720_Post_Bulk	0.00000000000000000	0.05480891292453372	0.10251819336014040	0.72964769724578882	0.01687702012473227	0.08602316241650167	0.01012501392830315	9999.00000000000000000	0.77247545928673622	0.73814601857472539
AN00000904_Br2720_Post_Cyto	0.00000000000000000	0.02132955918140026	0.08467590648064451	0.75869390184642871	0.01225114237925884	0.11803316008934177	0.00501633002292584	9999.00000000000000000	0.48834837274747295	0.87724490088080420
AN00000904_Br2720_Post_Nuc	0.00000000000000000	0.04503634185313696	0.05310134393159454	0.76291248496795350	0.01602344565117247	0.11496223712049554	0.00796414647564707	9999.00000000000000000	0.62488783330402831	0.81590431234386185
AN00000904_Br2743_Ant_Bulk	0.00000000000000000	0.06279614240257810	0.13507210563346675	0.70471927880700402	0.01396573260571743	0.06821675287958039	0.01522998767165311	9999.00000000000000000	0.60287941186350169	0.82154237100787109
AN00000904_Br2743_Ant_Nuc	0.00000000000000000	0.03895250277151434	0.10660358028108048	0.64254604277476468	0.01887825214256768	0.18993812068468921	0.00308150134538348	9999.00000000000000000	0.60599868344728680	0.82935459171470371
AN00000904_Br3942_Ant_Bulk	0.00000000000000000	0.07144748368682825	0.05744253373508286	0.66012804658430979	0.08556061556625279	0.11271260152049128	0.01270871890703508	9999.00000000000000000	0.75566658947775633	0.75566854578664200
AN00000904_Br3942_Ant_Cyto	0.00000000000000000	0.03669576554989130	0.10613195996606446	0.56978071289374888	0.08598044050672851	0.19740812442073552	0.00400299666283138	9999.00000000000000000	0.45779551167261279	0.89272215100342323
AN00000904_Br3942_Ant_Nuc	0.00000000000000000	0.05547787296790139	0.05517986066403893	0.62898213619352517	0.10426116127266702	0.14650754095314042	0.00959142794872711	9999.00000000000000000	0.60527907225522226	0.82672495273432312
AN00000904_Br3942_Mid_Bulk	0.00000000000000000	0.06984481040291740	0.13223024165860736	0.59347827120894359	0.07599465375185828	0.11578899345718023	0.01266302952049301	9999.00000000000000000	0.79830351638629127	0.72830663645344929
AN00000904_Br3942_Mid_Cyto	0.00000000000000000	0.01981262254291508	0.10926662522668863	0.62881499156860987	0.05311852789978672	0.18444355139693505	0.00454368136506471	9999.00000000000000000	0.49921935812023838	0.87495336029108417
AN00000904_Br3942_Mid_Nuc	0.00000000000000000	0.02902662772821252	0.08058101863331973	0.63958043676104614	0.05743302931607637	0.18745416244637164	0.00592472511497371	9999.00000000000000000	0.62323555132608710	0.82268313635243462
AN00000904_Br6423_Ant_Bulk	0.00000000000000000	0.06370041226748188	0.13675497354906388	0.56514412625886001	0.12625889668952506	0.08891688305204809	0.01922470818302091	9999.00000000000000000	0.82663243582427215	0.69465458453503637
AN00000904_Br6423_Ant_Cyto	0.00000000000000000	0.02714337104553620	0.10580478750265761	0.60567538163624901	0.11675519869602809	0.13591002381409256	0.00871123730543640	9999.00000000000000000	0.61762185740309916	0.81454313148980872
AN00000904_Br6423_Ant_Nuc	0.00000000000000000	0.05839328118461918	0.10294440015062907	0.56829259502788121	0.12487818881828514	0.13594177836103935	0.00954975645754601	9999.00000000000000000	0.63065383603204050	0.80930486681697511
AN00000904_Br6423_Post_Bulk	0.00000000000000000	0.06611759930001977	0.14512613819362993	0.53789607404208828	0.13426120812177689	0.09702100684382173	0.01957797349866334	9999.00000000000000000	0.81487265143444843	0.69858984795985490
AN00000904_Br6423_Post_Cyto	0.00000000000000000	0.02635950589751785	0.11185561992758306	0.59393094414972802	0.11285003201600675	0.14527626609580621	0.00972763191335817	9999.00000000000000000	0.66811434928140201	0.79008056599575960
AN00000904_Br6423_Post_Nuc	0.00000000000000000	0.05005814993379488	0.11255119668874913	0.54002459782023282	0.11433090596448495	0.16885140448377381	0.01418374510896440	9999.00000000000000000	0.64356564130049054	0.80608988835238704
AN00000904_Br6471_Mid_Bulk	0.00000000000000000	0.05228394468804069	0.17916850598179679	0.63948293260608291	0.02447729075550528	0.08782625014237326	0.01676107582620095	9999.00000000000000000	0.77858584045979318	0.72378951949335024
AN00000904_Br6471_Mid_Cyto	0.00000000000000000	0.01987216940536183	0.25214470588004978	0.57383965883796817	0.02112085611366746	0.12498458330104187	0.00803802646191082	9999.00000000000000000	0.65312307986057305	0.78053281241640959
AN00000904_Br6471_Mid_Nuc	0.00000000000000000	0.02355457297066971	0.25245399553731751	0.56057237933904291	0.02723129871714563	0.12306585162656247	0.01312190180926164	9999.00000000000000000	0.70598135596631750	0.74917303246188793
AN00000904_Br6522_Mid_Bulk	0.00000000000000000	0.07123004491958179	0.10220429293426933	0.70135377550762756	0.02834678355207055	0.08415554894460173	0.01270955414184897	9999.00000000000000000	0.75218210129871632	0.75276999880972373
AN00000904_Br6522_Mid_Cyto	0.00000000000000000	0.03331529286412784	0.10916292438619253	0.75001267401139227	0.01849236766951944	0.08581026238941465	0.00320647867935311	9999.00000000000000000	0.43773607451210228	0.89945629358903134
AN00000904_Br6522_Mid_Nuc	0.00000000000000000	0.02294340097069047	0.12147920978278934	0.70035677934320728	0.02308166004667281	0.12932083693240271	0.00281811292423740	9999.00000000000000000	0.67487631409274407	0.78842678227372387
AN00000904_Br6522_Post_Bulk	0.00000000000000000	0.06206669897075216	0.08188600851477507	0.70902546825485391	0.02446129770049035	0.11011562496229992	0.01244490159682851	9999.00000000000000000	0.77513430665328120	0.74497685810361525
AN00000904_Br6522_Post_Cyto	0.00000000000000000	0.02563267179692945	0.08545054683956199	0.75709081626181818	0.02389161170792007	0.10148685113889705	0.00644750225487340	9999.00000000000000000	0.52493733570105072	0.86039445357944599
AN00000904_Br6522_Post_Nuc	0.00000000000000000	0.03558427853101961	0.05370328363410708	0.74391621344070868	0.03463857846371344	0.12308072228278402	0.00907692364766719	9999.00000000000000000	0.67158719954746138	0.79477141972889598
AN00000904_Br8325_Ant_Bulk	0.00323369577010814	0.06067150459250070	0.05606578067293475	0.67837687388382795	0.05684377725003302	0.13266782473285849	0.01214054309773694	9999.00000000000000000	0.78026492731503028	0.74805557986719662
AN00000904_Br8325_Ant_Cyto	0.00000000000000000	0.01490771280131792	0.05552846307749060	0.80305184107758643	0.02451834011545247	0.09992699130638710	0.00206665162176544	9999.00000000000000000	0.47453357003845198	0.88295809734366326
AN00000904_Br8325_Ant_Nuc	0.00000000000000000	0.04378305479225766	0.08614207147913908	0.63701732307193737	0.05227449453523200	0.17446299796310163	0.00632005815833216	9999.00000000000000000	0.61572324233741516	0.82630876619108118
AN00000904_Br8325_Mid_Bulk	0.00000000000000000	0.02817653088951262	0.48618434474879552	0.37828623654577315	0.01606552637887112	0.07782773810924823	0.01345962332779941	9999.00000000000000000	0.76620774439029038	0.64781511348083320
AN00000904_Br8325_Mid_Cyto	0.00000000000000000	0.00790973064646722	0.89246829472819811	0.03461995422964702	0.00769108346162546	0.04613158438019856	0.01117935255386359	9999.00000000000000000	0.77718052861530096	0.74811517620827572
AN00000904_Br8492_Mid_Bulk	0.00000000000000000	0.02534626400867489	0.13250431073579050	0.73648723283920037	0.01131742245862328	0.08296502824534903	0.01137974171236175	9999.00000000000000000	0.65710874806189856	0.79179165532899898
AN00000904_Br8492_Mid_Cyto	0.00000000000000000	0.00641676976481886	0.11008491977703604	0.80651440807635022	0.00603395893502656	0.06878441933804365	0.00216552410872474	9999.00000000000000000	0.50159661288775625	0.86822196729715118
AN00000904_Br8492_Mid_Nuc	0.00000000000000000	0.02853219186443602	0.09105923890223470	0.75460796929104290	0.00952162830487913	0.11185603162850843	0.00442294000889887	9999.00000000000000000	0.63504000226470247	0.80778149204569605
AN00000904_Br8492_Post_Bulk	0.00000000000000000	0.03082769322453749	0.13464183760723825	0.71110102938266451	0.00828967642126322	0.10234276295872893	0.01279700040556743	9999.00000000000000000	0.65657296961654754	0.79430398086887155
AN00000904_Br8492_Post_Cyto	0.00000000000000000	0.01600935631871428	0.18930163202336434	0.62366093952336765	0.00643098455602172	0.16024388979287768	0.00435319778565446	9999.00000000000000000	0.62017355446763889	0.80937683138128769
AN00000904_Br8492_Post_Nuc	0.00000000000000000	0.02237843731922079	0.10061572350607165	0.70468562854183914	0.01413270519014465	0.14694103314219617	0.01124647230052774	9999.00000000000000000	0.63094594870651755	0.81330370572621191
AN00000904_Br8667_Ant_Bulk	0.00000000000000000	0.05616342834779794	0.12285117302904054	0.47699389645076834	0.22398397028564801	0.10167044278603603	0.01833708910070911	9999.00000000000000000	0.78144383089626646	0.68426040279003442
AN00000904_Br8667_Ant_Cyto	0.00000000000000000	0.02169643872008210	0.16551430437434256	0.53867676472834025	0.09715844338612727	0.17183326309920158	0.00512078569190622	9999.00000000000000000	0.55032301688475360	0.84634697487534649
AN00000904_Br8667_Ant_Nuc	0.00000000000000000	0.04894431277457359	0.10339647084471638	0.55948884555675282	0.15658500832644090	0.12153765581033110	0.01004770668718522	9999.00000000000000000	0.63581757577349274	0.79891472862372048
AN00000904_Br8667_Mid_Bulk	0.00000000000000000	0.05495800641798924	0.08673392253192992	0.52240936482985512	0.17308793459068769	0.14521327323059904	0.01759749839893901	9999.00000000000000000	0.80796553575607066	0.69872274536498968
AN00000904_Br8667_Mid_Cyto	0.00000000000000000	0.03685059166625789	0.06683999332404680	0.49237852517952907	0.16207869366261185	0.23245858140067785	0.00939361476687666	9999.00000000000000000	0.61895199736544970	0.81264967321547810
AN00000904_Br8667_Mid_Nuc	0.00000000000000000	0.05208847292261436	0.05960163632377520	0.56447161463807094	0.14631044739246876	0.16284089015823475	0.01468693856483615	9999.00000000000000000	0.61996588680073994	0.81371105474708039
AN00000906_Br2720_Post_Bulk	0.08263764102986373	0.06887824125401733	0.09080425320926094	0.58566658538015970	0.06960869280392998	0.07479698836483517	0.02760759795793310	9999.00000000000000000	0.87492705308585728	0.69661199713323319
AN00000906_Br2720_Post_Cyto	0.09713393248171430	0.06275628022496368	0.08016534077246197	0.56937929249453823	0.06361082645737327	0.10033651431509120	0.02661781325385752	9999.00000000000000000	0.85413730400740062	0.71490191189715513
AN00000906_Br2720_Post_Nuc	0.10108936699395965	0.07865143070095401	0.05648770829120939	0.60868155424359527	0.05754146768039414	0.07350077671715299	0.02404769537273452	9999.00000000000000000	0.82568570921945128	0.72759979327755409
AN00000906_Br2743_Ant_Bulk	0.04612433313851709	0.09030062008565583	0.14813773844596198	0.53701093114732501	0.08219811710355997	0.07019460202684037	0.02603365805213973	9999.00000000000000000	0.83134455234023030	0.70699954797255027
AN00000906_Br2743_Ant_Cyto	0.00000000000000000	0.05072719138707407	0.08089868956046445	0.68532331335269092	0.07176508086007427	0.09792731276765312	0.01335841207204319	9999.00000000000000000	0.74255823507049135	0.75802999719083874
AN00000906_Br2743_Ant_Nuc	0.00000000000000000	0.07541363469109498	0.08157375471702404	0.64295754507383918	0.04703154819521430	0.13122947023659876	0.02179404708622897	9999.00000000000000000	0.75196417161352802	0.76472951094960773
AN00000906_Br3942_Ant_Bulk	0.06288195127952682	0.08862101571118543	0.03945525783233478	0.42772207293084913	0.27236942640358242	0.08561520915483081	0.02333506668769059	9999.00000000000000000	0.91353723363073880	0.55273450487101961
AN00000906_Br3942_Ant_Cyto	0.05510908304168412	0.06308515488642759	0.07489389840502658	0.35576979890350235	0.31886504886028677	0.11272978211024835	0.01954723379282428	9999.00000000000000000	0.81203816358397063	0.61883418085642050
AN00000906_Br3942_Ant_Nuc	0.06538136682477221	0.09325639542552833	0.04833451923424158	0.40906559938703202	0.25897694621615802	0.10361112390084938	0.02137404901141853	9999.00000000000000000	0.90936538702395031	0.57064552407204894
AN00000906_Br3942_Mid_Bulk	0.07523851179610083	0.05936053353266067	0.06557496987003936	0.42522053687329703	0.26173266965421410	0.08859486052032307	0.02427791775336496	9999.00000000000000000	0.91261285156475580	0.56013866705434967
AN00000906_Br3942_Mid_Cyto	0.03984232968187290	0.07481019343974292	0.06524093605866392	0.47411155499477481	0.21120770328122498	0.10924701444002229	0.02554026810369816	9999.00000000000000000	0.88156162773204871	0.62894332982122991
AN00000906_Br3942_Mid_Nuc	0.04542649701759827	0.07242895782205230	0.05890812575573090	0.51143737497758612	0.19239632069575119	0.10038481352674218	0.01901791020453899	9999.00000000000000000	0.90743618584919927	0.62252640296792050
AN00000906_Br6423_Ant_Bulk	0.05530511268638621	0.06831723849901740	0.09945308928876297	0.39399963640977997	0.26497978058792332	0.09069956740402792	0.02724557512410212	9999.00000000000000000	0.89815099921944852	0.56824770804546143
AN00000906_Br6423_Ant_Cyto	0.04918852403667313	0.05599619864596882	0.06774454567515742	0.44833794788723386	0.26523057720752785	0.09410182097470704	0.01940038557273190	9999.00000000000000000	0.92155147648465707	0.54678100508191174
AN00000906_Br6423_Ant_Nuc	0.05078543587538908	0.08057404558374137	0.10761930055424876	0.44370800707384878	0.21056362836396467	0.08166316181995438	0.02508642072885293	9999.00000000000000000	0.90785088454665142	0.60259294288845344
AN00000906_Br6423_Post_Bulk	0.05839543932912342	0.06956928501250731	0.09823663739724767	0.36805455683969784	0.29015641081312860	0.09161685421445399	0.02397081639384108	9999.00000000000000000	0.90846987124993361	0.53730437155372979
AN00000906_Br6423_Post_Cyto	0.05343881086119231	0.04772147498864283	0.06984285533212717	0.43822377401047180	0.26769729395171804	0.10314255091381686	0.01993323994203108	9999.00000000000000000	0.91945654191124604	0.54680674083086434
AN00000906_Br6423_Post_Nuc	0.04253288210565948	0.08038749437639875	0.10892044185181297	0.42326827298058040	0.22150606917887486	0.09823694951015974	0.02514788999651380	9999.00000000000000000	0.90384056990496942	0.59835569630082364
AN00000906_Br6471_Mid_Bulk	0.06451711368557728	0.07618194517356332	0.14239617401890639	0.49756845328584171	0.12307736229329055	0.07006096997943734	0.02619798156338342	9999.00000000000000000	0.88761885251151418	0.66224312828779031
AN00000906_Br6471_Mid_Cyto	0.04576881837516605	0.06801302104650148	0.17988249510004611	0.47813633699093921	0.12548161353876483	0.08023172625171694	0.02248598869686524	9999.00000000000000000	0.86916440938197603	0.65984605093675364
AN00000906_Br6471_Mid_Nuc	0.06599569145501079	0.08265466502884705	0.18817256221252265	0.44720340567640876	0.11193461594819762	0.07688815322673173	0.02715090645228140	9999.00000000000000000	0.88697138083497495	0.65401768693894891
AN00000906_Br6522_Mid_Bulk	0.09076346535084916	0.07066529422466612	0.09467410806340580	0.51728857081567459	0.13911518398683165	0.06400707078152337	0.02348630677704932	9999.00000000000000000	0.88967019181166929	0.66273139903900846
AN00000906_Br6522_Mid_Cyto	0.04841130910286597	0.07258956577673929	0.11174705711463480	0.54598434410800412	0.12198212137569474	0.07779183140077341	0.02149377112128779	9999.00000000000000000	0.88087069830348241	0.67256903608263607
AN00000906_Br6522_Mid_Nuc	0.04687563191177715	0.08011540753014984	0.11820134061827664	0.53976245317979388	0.11185940772002623	0.08225038195120478	0.02093537708877138	9999.00000000000000000	0.88686360988917501	0.67385027888865401
AN00000906_Br6522_Post_Bulk	0.10196556090852808	0.06954664976569161	0.05535890204899468	0.54285345829090870	0.14310140057064374	0.06326411467808382	0.02390991373714944	9999.00000000000000000	0.87965421654827025	0.66997423421820257
AN00000906_Br6522_Post_Cyto	0.09667419772637958	0.06592951407194887	0.05670883199731056	0.54353127903226883	0.14514941472562717	0.06963774340521139	0.02236901904125363	9999.00000000000000000	0.86130228373285433	0.68002471199481185
AN00000906_Br6522_Post_Nuc	0.08779569920578871	0.08189761318523314	0.05389232023588827	0.54781103635758754	0.12171565261884019	0.08345636556224610	0.02343131283441610	9999.00000000000000000	0.86141317874075596	0.69556546943683306
AN00000906_Br8325_Ant_Bulk	0.07496975637590114	0.06896345650683548	0.05130334250556202	0.49616570834284845	0.20898522786244256	0.07574470310826271	0.02386780529814750	9999.00000000000000000	0.88388930843709512	0.62617834339158729
AN00000906_Br8325_Ant_Cyto	0.06106215320614838	0.06384308747315447	0.06919074295086931	0.53581650797827840	0.16764076631520916	0.08548466401294511	0.01696207806339516	9999.00000000000000000	0.86718278559719164	0.66304950790437167
AN00000906_Br8325_Ant_Nuc	0.03878378188423436	0.08707210666411423	0.04562540470829898	0.58090343351703999	0.12739333475134404	0.09722481633922618	0.02299712213574229	9999.00000000000000000	0.83446590660311393	0.70755504338761610
AN00000906_Br8325_Mid_Bulk	0.04528518806117574	0.07350361067027172	0.40281139995749049	0.24739054105700040	0.12481972841526973	0.07450300895505842	0.03168652288373347	9999.00000000000000000	0.84937836427588187	0.57881101429156412
AN00000906_Br8325_Mid_Cyto	0.02332561348257024	0.05782767470270584	0.64020314551304403	0.09780444773196782	0.06987113861068403	0.08192752145504686	0.02904045850398133	9999.00000000000000000	0.80870085466348807	0.59286618484422249
AN00000906_Br8325_Mid_Nuc	0.01965478486846125	0.09077308619697869	0.66376091802164017	0.05512518138303955	0.05981251805188889	0.08156963058896331	0.02930388088902824	9999.00000000000000000	0.85751061561249864	0.51793377121697981
AN00000906_Br8492_Mid_Bulk	0.03742099382298129	0.07508084099897538	0.12973895940797714	0.59274644040227664	0.05895782112937258	0.07926551462000564	0.02678942961841134	9999.00000000000000000	0.85607988002250346	0.69926456140363547
AN00000906_Br8492_Mid_Cyto	0.05608190316770274	0.06502595081827976	0.13348232271797320	0.59330046939181758	0.05426746414114377	0.07829424428886059	0.01954764547422233	9999.00000000000000000	0.83498926710523369	0.70889899565764991
AN00000906_Br8492_Post_Bulk	0.07097705993668516	0.05912728460070848	0.12869651334054122	0.59117142667218336	0.04166940784027878	0.08013552407618441	0.02822278353341870	9999.00000000000000000	0.85216487463019774	0.70262510109306187
AN00000906_Br8492_Post_Cyto	0.08366826573598064	0.07338472338145416	0.14268246790874065	0.52628164923685816	0.05470757733722875	0.09594878632399460	0.02332653007574317	9999.00000000000000000	0.80940057703740653	0.72798257412790224
AN00000906_Br8492_Post_Nuc	0.06824919612831282	0.05307151474303114	0.12900383707245169	0.56944552760563438	0.05122653862074823	0.10336826453043216	0.02563512129938951	9999.00000000000000000	0.82946294097362938	0.71756251070869947
AN00000906_Br8667_Ant_Bulk	0.08566452739713384	0.05322508197089546	0.08977677341079306	0.41885197468791308	0.24913631865215180	0.07478823397188079	0.02855708990923185	9999.00000000000000000	0.91059595525815873	0.56943875167497626
AN00000906_Br8667_Ant_Cyto	0.05908058288062287	0.06427787246016839	0.09511271466618530	0.46468052839950619	0.20358159062538422	0.09233251487934944	0.02093419608878344	9999.00000000000000000	0.84377932472435790	0.65647424320463388
AN00000906_Br8667_Ant_Nuc	0.04965423926033211	0.06850057424185817	0.09393270872019842	0.44546268156772278	0.23980479549010719	0.07949663747084786	0.02314836324893353	9999.00000000000000000	0.93506299429733897	0.55467203116596941
AN00000906_Br8667_Mid_Bulk	0.10419541751875538	0.05940926112223444	0.04695552421760501	0.41213530318152691	0.25687741949964588	0.09267052026774311	0.02775655419248933	9999.00000000000000000	0.91764816493417445	0.56251630022210442
AN00000906_Br8667_Mid_Cyto	0.07489383772499476	0.03207732147647056	0.03761375534931544	0.38722831319334822	0.32758762251585594	0.12401436249662606	0.01658478724338909	9999.00000000000000000	0.90263216619745490	0.51621372996279680
AN00000906_Br8667_Mid_Nuc	0.05992379429522527	0.06954428655932672	0.04618777392074037	0.44671945225588705	0.25858349274489612	0.09434464751730666	0.02469655270661798	9999.00000000000000000	0.90755822175562939	0.56919299408004742
